-0.01 0.0 -0.01 0.010029999999999999 -3.500000000000725e-09 -6.899999999999961e-08 1.7099999999999892e-07 0.00010060283296209903 7.307775437429165e-08 7.282292052898554e-08 7.131591691450315e-08
-0.01 0.0 -0.005 0.01005 -6.499999999999562e-09 -3.459999999999852e-08 1.908999999999994e-07 0.00010081790515578074 7.302264913923438e-08 7.291568922973787e-08 7.130154527800617e-08
-0.01 0.0 0.0 0.010139999999999998 1.5000000000001123e-09 3.1000000000003247e-09 1.8799999999999927e-07 0.00010170732520325169 7.295013028380586e-08 7.288610313459991e-08 7.13125767812218e-08
-0.01 0.0 0.005 0.010009999999999998 -2.900000000000125e-09 3.3099999999999793e-08 2.006999999999981e-07 0.00010041917147636699 7.307971378744492e-08 7.290171668517978e-08 7.133316506630908e-08
-0.01 0.0 0.01 0.01007 1.3299999999999423e-08 7.399999999999906e-08 1.7389999999999906e-07 0.00010100945500298475 7.304211244112666e-08 7.290288340101314e-08 7.135168513889712e-08
-0.005 0.0 0.01 0.00997 6.899999999999962e-09 7.619999999999849e-08 1.8230000000000192e-07 0.000100020447909415 7.298072129005041e-08 7.286203164608813e-08 7.131683981325448e-08
-0.005 0.0 0.005 0.00992 1.7999999999990245e-09 3.449999999999842e-08 1.9569999999999866e-07 9.951411960119028e-05 7.29656889833736e-08 7.288767834832861e-08 7.129786973984839e-08
-0.005 0.0 -0.0 0.01002 1.7000000000003124e-09 6.7999999999984735e-09 1.8999999999999572e-07 0.00010051885395287791 7.291067902774547e-08 7.297668164910214e-08 7.126800208189338e-08
-0.005 0.0 -0.005 0.00998 -2.4999999999997246e-09 -3.529999999999922e-08 1.9179999999999752e-07 0.00010012012784650247 7.297518689540966e-08 7.291893987850117e-08 7.129786973984839e-08
-0.005 0.0 -0.01 0.01006 -6.399999999999462e-09 -7.189999999999974e-08 1.8460000000000143e-07 0.00010090193258803321 7.295082900642995e-08 7.288818540911328e-08 7.130076285833203e-08
0.0 0.0 -0.01 0.01002 -9.999999999996123e-10 -6.579999999999919e-08 1.8460000000000143e-07 0.00010051885395287791 7.302628473464116e-08 7.29166862782045e-08 7.125575242551576e-08
0.0 0.0 -0.005 0.010029999999999999 -3.9999999999901226e-10 -3.5099999999999024e-08 1.9270000000000122e-07 0.00010061853705952994 7.303905695381024e-08 7.287121138616072e-08 7.128667811865476e-08
0.0 0.0 0.0 0.01006 1.9999999999881223e-10 3.3000000000005246e-09 1.947000000000032e-07 0.00010090976166853234 7.298169595213824e-08 7.290572937090378e-08 7.133174333262186e-08
0.0 0.0 0.005 0.010029999999999999 1.2000000000012e-09 4.190000000000027e-08 1.9219999999999792e-07 0.00010061853705952994 7.303087207606435e-08 7.285643532766047e-08 7.131768553211855e-08
0.0 0.0 0.01 0.010079999999999999 -1.0000000000010001e-10 7.040000000000101e-08 1.9039999999999612e-07 0.00010111696197967974 7.295923409972349e-08 7.300669989555497e-08 7.132921833561724e-08
0.005 0.0 0.01 0.010029999999999999 -1.6000000000002124e-09 7.640000000000146e-08 1.8360000000000043e-07 0.00010061068531721669 7.29797153594245e-08 7.291468174841584e-08 7.132597154459071e-08
0.005 0.0 0.005 0.01006 9.999999999871223e-11 4.240000000000077e-08 1.90499999999999e-07 0.00010090976166853234 7.297569599937889e-08 7.283091961433396e-08 7.131567894510047e-08
0.005 0.0 -0.0 0.01005 -4.0000000000040006e-10 -1.0000000000010001e-09 1.9790000000000087e-07 0.00010081790515578074 7.296467811865476e-08 7.287267904372394e-08 7.130378013348863e-08
0.005 0.0 -0.005 0.01004 3.200000000000425e-09 -2.969999999999917e-08 1.9000000000000128e-07 0.00010071037682384076 7.306107425547936e-08 7.281803902746938e-08 7.136868267790949e-08
0.005 0.0 -0.01 0.01009 9.299999999999587e-09 -7.250000000000034e-08 1.7699999999999937e-07 0.00010120884348711827 7.301269201956847e-08 7.282071224160159e-08 7.131720429286326e-08
0.01 0.0 -0.01 0.00999 4.499999999998949e-09 -7.160000000000222e-08 1.8549999999999956e-07 0.00010021980842128967 7.300579336630574e-08 7.281769734020923e-08 7.132119429370666e-08
0.01 0.0 -0.005 0.010029999999999999 3.199999999999037e-09 -2.7200000000002222e-08 1.8600000000000283e-07 0.00010061853705952994 7.307938831620954e-08 7.284203496348389e-08 7.134533393088686e-08
0.01 0.0 0.0 0.01 0.0 3.0000000000002246e-09 1.9319999999999892e-07 0.00010031948963187561 7.301467898671015e-08 7.286668646743266e-08 7.134606776288891e-08
0.01 0.0 0.005 0.009989999999999999 -3.3000000000005246e-09 4.079999999999917e-08 1.8890000000000294e-07 0.00010021192543804353 7.301186085803032e-08 7.294667811865475e-08 7.129270904566809e-08
0.01 0.0 0.01 0.010029999999999999 -5.499999999999949e-09 7.749999999999979e-08 1.7979999999999662e-07 0.00010061853705952994 7.295770726844344e-08 7.303898823545621e-08 7.13008001399351e-08
0.01 0.022000000000000002 0.01 0.010089999999999998 -1.2900000000000412e-08 1.6550000000000177e-07 4.1360000000000286e-07 0.00010120884348711824 7.288168940374749e-08 7.30607632234967e-08 7.129569948578591e-08
0.01 0.022000000000000002 0.005 0.009959999999999998 -5.7000000000001495e-09 9.409999999999974e-08 4.2460000000000273e-07 9.992076861193571e-05 7.29137782071664e-08 7.301509821924406e-08 7.13286700279869e-08
0.01 0.022000000000000002 -0.0 0.00998 1.8000000000004123e-09 6.700000000001149e-09 4.3380000000000083e-07 0.00010012012784650247 7.296569607867193e-08 7.290468632283267e-08 7.134912780343814e-08
0.01 0.022000000000000002 -0.005 0.010029999999999999 1.0400000000000687e-08 -7.179999999999964e-08 4.2520000000000336e-07 0.00010061068531721669 7.301295959579868e-08 7.295480645723079e-08 7.134313365068843e-08
0.01 0.022000000000000002 -0.01 0.01004 1.6000000000000736e-08 -1.4890000000000182e-07 4.105000000000025e-07 0.00010071822079445208 7.303237792698486e-08 7.281768974652965e-08 7.132386161484493e-08
0.005 0.022000000000000002 -0.01 0.01002 7.799999999999474e-09 -1.5530000000000267e-07 4.205999999999988e-07 0.00010051885395287791 7.294767834216838e-08 7.288667903777221e-08 7.12976857847035e-08
0.005 0.022000000000000002 -0.005 0.010079999999999999 1.0700000000000986e-08 -7.280000000000064e-08 4.2690000000000227e-07 0.00010111696197967974 7.299620344120098e-08 7.289969662017547e-08 7.130295170408635e-08
0.005 0.022000000000000002 0.0 0.01005 -4.0000000000040006e-10 7.099999999998774e-09 4.4029999999999904e-07 0.00010081790515578074 7.298416398841512e-08 7.294119465076117e-08 7.13167606212895e-08
0.005 0.022000000000000002 0.005 0.009989999999999999 -1.9000000000005125e-09 8.409999999999806e-08 4.3640000000000346e-07 0.00010021980842128965 7.290187003174681e-08 7.299616143734252e-08 7.131804127196586e-08
0.005 0.022000000000000002 0.01 0.010029999999999999 -4.6999999999991496e-09 1.7260000000000053e-07 4.151000000000016e-07 0.00010061068531721669 7.297575780820212e-08 7.289587055869294e-08 7.136070581037258e-08
-0.0 0.022000000000000002 0.01 0.01 -7.499999999999174e-09 1.686999999999994e-07 4.296999999999995e-07 0.00010031948963187561 7.299568358910772e-08 7.297370485292017e-08 7.133068134445282e-08
-0.0 0.022000000000000002 0.005 0.01004 2.6999999999999245e-09 8.299999999999974e-08 4.4019999999999617e-07 0.00010071037682384076 7.29416783427695e-08 7.294969620701403e-08 7.129613008081732e-08
-0.0 0.022000000000000002 -0.0 0.010019999999999998 3.800000000001025e-09 9.500000000001174e-09 4.359000000000002e-07 0.0001005188539528779 7.296972791890265e-08 7.288576110557732e-08 7.129005882251018e-08
-0.0 0.022000000000000002 -0.005 0.009949999999999999 -1.7999999999990245e-09 -7.250000000000034e-08 4.408999999999996e-07 9.982108995598074e-05 7.303478224713094e-08 7.296306973646904e-08 7.132940584552661e-08
-0.0 0.022000000000000002 -0.01 0.009989999999999999 4.399999999998849e-09 -1.5560000000000018e-07 4.194000000000031e-07 0.00010021980842128965 7.301628736568688e-08 7.291174376965202e-08 7.130869149643154e-08
-0.005 0.022000000000000002 -0.01 0.010039999999999999 -4.79999999999925e-09 -1.5479999999999937e-07 4.1829999999999924e-07 0.00010072626271236315 7.299774130099144e-08 7.280069342960345e-08 7.131047975253049e-08
-0.005 0.022000000000000002 -0.005 0.01005 -3.899999999999737e-09 -8.139999999999813e-08 4.392000000000007e-07 0.00010081790515578074 7.301962159998989e-08 7.290768016690141e-08 7.132810827664836e-08
-0.005 0.022000000000000002 0.0 0.010029999999999999 -6.000000000006e-10 1.6999999999989246e-09 4.45300000000004e-07 0.00010061853705952994 7.296067900754348e-08 7.300474873657392e-08 7.136217639186812e-08
-0.005 0.022000000000000002 0.005 0.010049999999999998 7.100000000000162e-09 8.920000000000039e-08 4.3329999999999756e-07 0.00010081006894154967 7.282901897885644e-08 7.309190679309994e-08 7.131878995047519e-08
-0.005 0.022000000000000002 0.01 0.010089999999999998 1.209999999999961e-08 1.5969999999999874e-07 4.2079999999999895e-07 0.00010121664882814486 7.283768963719433e-08 7.307869923342548e-08 7.133158390861005e-08
-0.01 0.022000000000000002 0.01 0.010009999999999998 2.1799999999999596e-08 1.67500000000001e-07 4.085000000000005e-07 0.00010041917147636699 7.293970526070575e-08 7.292478742038311e-08 7.132177712863595e-08
-0.01 0.022000000000000002 0.005 0.0101 1.5400000000000135e-08 8.589999999999986e-08 4.20100000000001e-07 0.00010131633629380803 7.298455102627295e-08 7.29486816932721e-08 7.134334232658817e-08
-0.01 0.022000000000000002 -0.0 0.00998 3.3000000000005246e-09 -5.000000000005001e-10 4.3610000000000036e-07 0.00010010434556002053 7.291471078628925e-08 7.289076985984364e-08 7.132397250147593e-08
-0.01 0.022000000000000002 -0.005 0.01 -2.5999999999998248e-09 -7.50999999999974e-08 4.247000000000001e-07 0.00010031948963187561 7.298197950772666e-08 7.289472298998867e-08 7.127799637148997e-08
-0.01 0.022000000000000002 -0.01 0.01 -1.1400000000000299e-08 -1.5959999999999862e-07 4.1380000000000303e-07 0.00010031161448207282 7.300874861365703e-08 7.29416837215164e-08 7.134990421324102e-08
-0.01 0.045 -0.01 0.010029999999999999 1.1300000000000199e-08 -2.900999999999987e-07 9.381000000000028e-07 0.00010061068531721669 7.293784223474499e-08 7.296268167104982e-08 7.129099010371107e-08
-0.01 0.045 -0.005 0.00997 1.330000000000081e-08 -1.5219999999999955e-07 9.548000000000002e-07 0.000100020447909415 7.269773272283653e-08 7.306851992844608e-08 7.121551274504245e-08
-0.01 0.045 0.0 0.010029999999999999 1.0100000000000387e-08 -1.4200000000000324e-08 9.631999999999974e-07 0.00010061068531721669 7.251067811865476e-08 7.304374005525224e-08 7.10295824930368e-08
-0.01 0.045 0.005 0.01007 1.17000000000006e-08 1.3219999999999897e-07 9.604000000000002e-07 0.00010100945500298475 7.25232619098214e-08 7.30729524465007e-08 7.105038387368402e-08
-0.01 0.045 0.01 0.01002 1.729999999999926e-08 2.696000000000004e-07 9.523000000000004e-07 0.00010052691181967145 7.245105049260236e-08 7.321470687248327e-08 7.106019492797872e-08
-0.005 0.045 0.01 0.010010000000000002 1.0000000000000286e-08 2.693000000000001e-07 9.562000000000015e-07 0.00010040343619617809 7.241875305846273e-08 7.316474413243678e-08 7.10545879905689e-08
-0.005 0.045 0.005 0.01 1.1099999999999998e-08 1.3160000000000115e-07 9.606999999999976e-07 0.00010031161448207282 7.248601189009043e-08 7.313173780399917e-08 7.110086269036409e-08
-0.005 0.045 -0.0 0.010029999999999999 9.100000000000775e-09 -1.5099999999998448e-08 9.695000000000008e-07 0.00010061068531721669 7.251418193068288e-08 7.316767832215496e-08 7.10919706572652e-08
-0.005 0.045 -0.005 0.010010000000000002 3.599999999999437e-09 -1.449000000000006e-07 9.653999999999997e-07 0.00010041917147636702 7.245867926281914e-08 7.315569468301583e-08 7.102890445320298e-08
-0.005 0.045 -0.01 0.010039999999999999 1.629999999999965e-08 -2.8679999999999815e-07 9.401000000000048e-07 0.00010071822079445206 7.25039884654715e-08 7.321257539872043e-08 7.108169024783653e-08
0.0 0.045 -0.01 0.010079999999999999 1.7499999999999462e-08 -2.8650000000000067e-07 9.464000000000028e-07 0.00010111696197967974 7.242968306338295e-08 7.329369379804967e-08 7.108331198721745e-08
0.0 0.045 -0.005 0.0101 1.7300000000000648e-08 -1.3709999999999834e-07 9.454999999999991e-07 0.0001013007403724178 7.236479903321935e-08 7.329969376171295e-08 7.105103675303913e-08
0.0 0.045 0.0 0.010009999999999998 1.3199999999999324e-08 -6.000000000000449e-09 9.560999999999986e-07 0.00010041917147636699 7.244821027663054e-08 7.315778620780816e-08 7.106561191529859e-08
0.0 0.045 0.005 0.010069999999999997 1.5900000000000635e-08 1.3050000000000006e-07 9.531999999999985e-07 0.00010100945500298472 7.243378287461128e-08 7.31716783218242e-08 7.104915706925583e-08
0.0 0.045 0.01 0.01005 1.6900000000000247e-08 2.753999999999979e-07 9.417000000000009e-07 0.00010081006894154969 7.257935572594822e-08 7.316271808570261e-08 7.110100618579828e-08
0.005 0.045 0.01 0.010029999999999999 2.3000000000009123e-09 2.7529999999999776e-07 9.500000000000009e-07 0.00010061068531721669 7.24326885715847e-08 7.320468132635117e-08 7.111624932078824e-08
0.005 0.045 0.005 0.010079999999999999 8.900000000000574e-09 1.347999999999988e-07 9.540999999999967e-07 0.00010111696197967974 7.253190902109409e-08 7.318567993683591e-08 7.115126409210376e-08
0.005 0.045 -0.0 0.01 1.3599999999999723e-08 1.3999999999986245e-09 9.452999999999989e-07 0.00010031161448207282 7.253643166171582e-08 7.310289215590142e-08 7.110183281950853e-08
0.005 0.045 -0.005 0.01005 1.4200000000000324e-08 -1.4149999999999996e-07 9.546e-07 0.00010081790515578074 7.245475151160587e-08 7.325699231764906e-08 7.105635426767288e-08
0.005 0.045 -0.01 0.00998 2.319999999999961e-08 -2.7429999999999954e-07 9.290999999999994e-07 0.00010011223701426315 7.247774178474039e-08 7.315868547158489e-08 7.1074175023731e-08
0.01 0.045 -0.01 0.01005 2.7399999999999646e-08 -2.7660000000000183e-07 9.257000000000016e-07 0.00010081790515578074 7.252826773130113e-08 7.311172497367446e-08 7.106114067014921e-08
0.01 0.045 -0.005 0.01005 1.6399999999999746e-08 -1.3719999999999842e-07 9.443000000000035e-07 0.00010081790515578074 7.25224452118541e-08 7.31006789554747e-08 7.103873299211345e-08
0.01 0.045 0.0 0.010019999999999998 1.0999999999999898e-08 8.800000000000474e-09 9.435000000000027e-07 0.00010051099442349576 7.246572626614246e-08 7.311070811846726e-08 7.104842654574214e-08
0.01 0.045 0.005 0.010060000000000001 2.0000000000020003e-10 1.3779999999999902e-07 9.521000000000002e-07 0.00010092561617349683 7.25503324340086e-08 7.31948592714695e-08 7.110241782815585e-08
0.01 0.045 0.01 0.01007 -2.399999999999625e-09 2.7920000000000165e-07 9.43900000000003e-07 0.00010101727575023987 7.252438206362483e-08 7.321387008093012e-08 7.108622039323912e-08
0.01 0.067 0.01 0.00996 2.7199999999999446e-08 2.371000000000012e-07 1.5853000000000005e-06 9.992076861193574e-05 7.246606810381476e-08 7.307614509157998e-08 7.10373492070602e-08
0.01 0.067 0.005 0.0101 2.329999999999971e-08 1.0809999999999986e-07 1.5668000000000015e-06 0.00010130853863322677 7.242468862037288e-08 7.316043769869522e-08 7.103307538911467e-08
0.01 0.067 -0.0 0.01 2.289999999999931e-08 -6.8000000000012495e-09 1.5507999999999967e-06 0.00010031948963187561 7.251218471037182e-08 7.317995534083942e-08 7.109867811865476e-08
0.01 0.067 -0.005 0.010009999999999998 2.2600000000000398e-08 -1.2999999999999955e-07 1.5528000000000042e-06 0.00010041917147636699 7.245824557085796e-08 7.31970674686963e-08 7.111397701525627e-08
0.01 0.067 -0.01 0.01004 2.1799999999999596e-08 -2.5640000000000105e-07 1.567200000000002e-06 0.00010071037682384076 7.236282460126457e-08 7.321575017350667e-08 7.10399348573861e-08
0.005 0.067 -0.01 0.010029999999999999 2.450000000000091e-08 -2.5270000000000014e-07 1.5720999999999985e-06 0.00010061853705952994 7.244385843241326e-08 7.304467897555263e-08 7.10367026576085e-08
0.005 0.067 -0.005 0.01006 2.6400000000000035e-08 -1.3259999999999937e-07 1.5537999999999996e-06 0.00010091759014165964 7.246304794263598e-08 7.304183448406656e-08 7.106885405307805e-08
0.005 0.067 0.0 0.01004 2.0900000000000085e-08 -1.2599999999998723e-08 1.558599999999999e-06 0.00010071822079445208 7.24379563243877e-08 7.304169549310738e-08 7.102975491191933e-08
0.005 0.067 0.005 0.01004 2.3000000000000798e-08 1.1009999999999909e-07 1.5621999999999969e-06 0.00010071822079445208 7.244991990748114e-08 7.309868146873615e-08 7.101284363621095e-08
0.005 0.067 0.01 0.010069999999999997 2.2300000000000097e-08 2.255000000000007e-07 1.5876e-06 0.00010100945500298472 7.256670505811442e-08 7.320824053028735e-08 7.108314288208884e-08
-0.0 0.067 0.01 0.01007 1.2500000000000011e-08 2.242999999999995e-07 1.5942999999999984e-06 0.00010100163365015439 7.252292534240763e-08 7.314681686675594e-08 7.105493964714727e-08
-0.0 0.067 0.005 0.010060000000000001 2.2400000000000197e-08 1.0669999999999846e-07 1.5615000000000044e-06 0.00010090976166853236 7.251797942170303e-08 7.307508755866298e-08 7.104301830581244e-08
-0.0 0.067 -0.0 0.01 2.309999999999951e-08 -2.0799999999998598e-08 1.5613000000000044e-06 0.00010031948963187561 7.248168517679993e-08 7.304873286566133e-08 7.106084664950812e-08
-0.0 0.067 -0.005 0.010009999999999998 3.060000000000007e-08 -1.3039999999999995e-07 1.5548000000000006e-06 0.00010041917147636699 7.245782951449886e-08 7.302673338569827e-08 7.102519361906769e-08
-0.0 0.067 -0.01 0.010049999999999998 3.529999999999922e-08 -2.5909999999999824e-07 1.5720000000000012e-06 0.00010080223211814308 7.245170138099217e-08 7.305121224572918e-08 7.102014540287071e-08
-0.005 0.067 -0.01 0.01006 3.9299999999999055e-08 -2.661999999999998e-07 1.5853000000000005e-06 0.00010091759014165964 7.24127956234117e-08 7.312271874849498e-08 7.105691503176484e-08
-0.005 0.067 -0.005 0.010029999999999999 3.4100000000000795e-08 -1.345000000000013e-07 1.5600000000000003e-06 0.00010061068531721669 7.258217217421572e-08 7.312368827196949e-08 7.112687278464652e-08
-0.005 0.067 0.0 0.010049999999999998 2.370000000000011e-08 -2.0600000000001174e-08 1.5637000000000012e-06 0.00010081790515578073 7.251168339349434e-08 7.311368831422198e-08 7.104484574126354e-08
-0.005 0.067 0.005 0.009949999999999999 1.799999999999996e-08 1.0010000000000019e-07 1.5705999999999998e-06 9.981317548299923e-05 7.241484712435813e-08 7.310268146313403e-08 7.102544787577891e-08
-0.005 0.067 0.01 0.01006 1.219999999999971e-08 2.2350000000000147e-07 1.591300000000001e-06 0.00010090193258803321 7.249512649280292e-08 7.307200020596094e-08 7.108448288052919e-08
-0.01 0.067 0.01 0.01007 4.700000000000537e-09 2.1790000000000142e-07 1.6054999999999986e-06 0.00010101727575023987 7.237925835346518e-08 7.325822949203273e-08 7.114464816370395e-08
-0.01 0.067 0.005 0.010009999999999998 1.6599999999999947e-08 9.869999999999879e-08 1.575500000000002e-06 0.00010041130414450355 7.230184435761283e-08 7.330277148117085e-08 7.10300900783557e-08
-0.01 0.067 -0.0 0.01007 2.319999999999961e-08 -2.1000000000001574e-08 1.5698000000000044e-06 0.00010100945500298475 7.230397972224399e-08 7.324670650966303e-08 7.108881037065133e-08
-0.01 0.067 -0.005 0.010039999999999999 2.859999999999946e-08 -1.4909999999999924e-07 1.5842999999999996e-06 0.00010071037682384074 7.242462619254731e-08 7.318982514938932e-08 7.104571543000977e-08
-0.01 0.067 -0.01 0.01009 4.5699999999999906e-08 -2.6220000000000133e-07 1.5903999999999973e-06 0.00010121664882814489 7.246775865181196e-08 7.30958309439471e-08 7.108638278990599e-08
-0.01 0.08900000000000001 -0.01 0.01 4.170000000000007e-08 -1.1779999999999846e-07 1.9816000000000002e-06 0.0001003275635107322 7.241484712435813e-08 7.306269172405758e-08 7.103208129225452e-08
-0.01 0.08900000000000001 -0.005 0.010029999999999999 4.389999999999949e-08 -6.740000000000079e-08 1.9398000000000026e-06 0.00010061853705952994 7.245764119782958e-08 7.314372435742623e-08 7.107844162962342e-08
-0.01 0.08900000000000001 0.0 0.010010000000000002 3.3600000000000294e-08 -2.0799999999998598e-08 1.933600000000002e-06 0.00010041917147636702 7.244639065245751e-08 7.315274445682004e-08 7.10906386429201e-08
-0.01 0.08900000000000001 0.005 0.010039999999999999 2.1200000000000385e-08 1.7100000000000448e-08 1.947099999999996e-06 0.00010071037682384074 7.233568581094424e-08 7.311802728319239e-08 7.107784293178368e-08
-0.01 0.08900000000000001 0.01 0.010019999999999998 1.619999999999955e-08 6.980000000000041e-08 1.9610000000000016e-06 0.0001005188539528779 7.227875974918297e-08 7.33147403298932e-08 7.105888495373989e-08
-0.005 0.08900000000000001 0.01 0.010009999999999998 2.7200000000000836e-08 6.950000000000011e-08 1.950999999999997e-06 0.00010041130414450355 7.242284633468962e-08 7.318408750652406e-08 7.103567965711265e-08
-0.005 0.08900000000000001 0.005 0.010039999999999999 2.6500000000000135e-08 2.2400000000000197e-08 1.9380000000000008e-06 0.00010071822079445206 7.233485544887458e-08 7.318868134706266e-08 7.104585866701638e-08
-0.005 0.08900000000000001 -0.0 0.010029999999999999 3.060000000000007e-08 -1.6400000000002523e-08 1.9274000000000012e-06 0.00010061853705952994 7.234475645215043e-08 7.319168799368549e-08 7.105950472314472e-08
-0.005 0.08900000000000001 -0.005 0.010119999999999999 3.169999999999978e-08 -6.909999999999971e-08 1.9423000000000026e-06 0.0001015079307246483 7.236800669199198e-08 7.306667896755104e-08 7.102299206326818e-08
-0.005 0.08900000000000001 -0.01 0.01004 4.5499999999999706e-08 -1.1390000000000011e-07 1.9559999999999966e-06 0.00010071037682384076 7.240412549014288e-08 7.313968820508915e-08 7.105493964714727e-08
0.0 0.08900000000000001 -0.01 0.010009999999999998 3.739999999999993e-08 -1.1049999999999949e-07 1.949300000000004e-06 0.0001004272373412711 7.236183831681846e-08 7.315486223610581e-08 7.103822964131951e-08
0.0 0.08900000000000001 -0.005 0.010049999999999998 3.3099999999999793e-08 -6.999999999999785e-08 1.935199999999998e-06 0.00010081790515578073 7.24394603490123e-08 7.319896829465916e-08 7.105810580897319e-08
0.0 0.08900000000000001 0.0 0.010009999999999998 3.589999999999982e-08 -1.7399999999997972e-08 1.9188999999999957e-06 0.00010041130414450355 7.251975799527713e-08 7.326373471810569e-08 7.11001726629041e-08
0.0 0.08900000000000001 0.005 0.009969999999999998 3.8799999999999944e-08 2.9100000000001346e-08 1.920900000000003e-06 0.000100020447909415 7.235705717585878e-08 7.335269704364375e-08 7.10757452357716e-08
0.0 0.08900000000000001 0.01 0.01 2.889999999999976e-08 6.659999999999999e-08 1.957199999999998e-06 0.0001003275635107322 7.223143582453693e-08 7.339373197573627e-08 7.10736905151373e-08
0.005 0.08900000000000001 0.01 0.01006 2.7800000000000047e-08 7.739999999999969e-08 1.9646e-06 0.00010091759014165964 7.234327114816334e-08 7.328249965212088e-08 7.106213793143568e-08
0.005 0.08900000000000001 0.005 0.010029999999999999 3.4599999999999906e-08 2.8999999999998473e-08 1.9318000000000003e-06 0.00010061068531721669 7.240189365784544e-08 7.316068138395871e-08 7.108207817250506e-08
0.005 0.08900000000000001 -0.0 0.009980000000000001 3.060000000000007e-08 -1.9600000000000172e-08 1.9296000000000035e-06 0.00010012012784650248 7.2370914246439e-08 7.314668550780611e-08 7.109299212572225e-08
0.005 0.08900000000000001 -0.005 0.0101 2.839999999999926e-08 -6.120000000000014e-08 1.929200000000003e-06 0.00010131633629380803 7.242673522726158e-08 7.317069844377404e-08 7.107254273422252e-08
0.005 0.08900000000000001 -0.01 0.01004 3.8900000000000044e-08 -1.1319999999999941e-07 1.944199999999996e-06 0.00010071822079445208 7.251270586538897e-08 7.312399326591588e-08 7.115628781334283e-08
0.01 0.08900000000000001 -0.01 0.010009999999999998 2.459999999999962e-08 -1.1309999999999931e-07 1.9469000000000012e-06 0.00010041130414450355 7.24625228606339e-08 7.313375261193804e-08 7.110096519248632e-08
0.01 0.08900000000000001 -0.005 0.010039999999999999 3.569999999999962e-08 -6.009999999999905e-08 1.9154000000000003e-06 0.00010071822079445206 7.247068834589777e-08 7.310171345925514e-08 7.108863314243404e-08
0.01 0.08900000000000001 0.0 0.010099999999999998 2.8000000000000247e-08 -1.9500000000000072e-08 1.9300999999999957e-06 0.000101316336293808 7.247533105903709e-08 7.319167993243885e-08 7.106082094665499e-08
0.01 0.08900000000000001 0.005 0.01005 4.0000000000001146e-08 3.26999999999994e-08 1.9305000000000017e-06 0.00010081790515578074 7.247541039296721e-08 7.327480994053912e-08 7.116655748866397e-08
0.01 0.08900000000000001 0.01 0.010010000000000002 4.5499999999999706e-08 7.870000000000099e-08 1.953100000000002e-06 0.00010041130414450358 7.244697302448152e-08 7.31276799804662e-08 7.10772432561133e-08
0.01 0.11199999999999999 0.01 0.010009999999999998 5.0899999999999556e-08 -6.410000000000026e-08 1.9955999999999975e-06 0.00010041937064132594 7.237891311409156e-08 7.318868538256663e-08 7.107399891354544e-08
0.01 0.11199999999999999 0.005 0.00998 4.199999999999898e-08 -3.799999999999914e-08 1.9767000000000035e-06 0.00010011223701426315 7.233282731031377e-08 7.322772281432466e-08 7.106084664950812e-08
0.01 0.11199999999999999 -0.0 0.010039999999999999 3.170000000000117e-08 -2.0900000000001474e-08 1.9813999999999998e-06 0.00010071822079445206 7.247257539148311e-08 7.320201551049875e-08 7.10400472125297e-08
0.01 0.11199999999999999 -0.005 0.009980000000000001 3.0799999999998886e-08 1.04999999999994e-08 1.9733999999999975e-06 0.00010010434556002054 7.236804772136865e-08 7.319269101144964e-08 7.104340623589163e-08
0.01 0.11199999999999999 -0.01 0.01002 1.3199999999999324e-08 2.979999999999927e-08 2.0099000000000034e-06 0.00010051885395287791 7.245677089969476e-08 7.316412834231939e-08 7.109356191303629e-08
0.005 0.11199999999999999 -0.01 0.00999 3.3400000000000094e-08 2.7499999999999747e-08 1.9913000000000016e-06 0.00010021980842128967 7.24018150143554e-08 7.322474812563547e-08 7.106163395633238e-08
0.005 0.11199999999999999 -0.005 0.010009999999999998 3.4199999999999506e-08 1.2599999999998723e-08 1.971899999999999e-06 0.00010040343619617806 7.227096655352826e-08 7.328967831252834e-08 7.10410657697557e-08
0.005 0.11199999999999999 0.0 0.01005 3.659999999999913e-08 -1.589999999999925e-08 1.966100000000004e-06 0.00010081006894154969 7.224603280080478e-08 7.340068481009625e-08 7.111222761747153e-08
0.005 0.11199999999999999 0.005 0.01004 4.060000000000036e-08 -4.200000000000037e-08 1.9736999999999948e-06 0.00010071037682384076 7.24272421285303e-08 7.322371174357902e-08 7.110107535225152e-08
0.005 0.11199999999999999 0.01 0.010019999999999998 4.109999999999947e-08 -6.240000000000134e-08 1.991100000000001e-06 0.0001005188539528779 7.239412992966689e-08 7.31966813366736e-08 7.105964803139796e-08
-0.0 0.11199999999999999 0.01 0.00997 4.340000000000038e-08 -6.720000000000059e-08 1.9840999999999998e-06 0.00010001254921258632 7.238004506453574e-08 7.315091499240288e-08 7.105616328476179e-08
-0.0 0.11199999999999999 0.005 0.010019999999999998 3.699999999999953e-08 -3.9500000000000645e-08 1.971199999999995e-06 0.00010051099442349576 7.237823261551536e-08 7.314868140003073e-08 7.10627690160094e-08
-0.0 0.11199999999999999 -0.0 0.010029999999999999 3.630000000000022e-08 -1.3499999999999623e-08 1.9645000000000025e-06 0.00010061068531721669 7.237371449829292e-08 7.318167832100198e-08 7.103571965446211e-08
-0.0 0.11199999999999999 -0.005 0.01 4.060000000000036e-08 5.499999999999949e-09 1.9714000000000007e-06 0.00010031948963187561 7.239996258256248e-08 7.311267895129408e-08 7.104981231038422e-08
-0.0 0.11199999999999999 -0.01 0.010039999999999999 4.290000000000127e-08 3.620000000000012e-08 1.9847000000000002e-06 0.00010071822079445206 7.247956477415307e-08 7.314182805232813e-08 7.1115301400239e-08
-0.005 0.11199999999999999 -0.01 0.009940000000000001 4.149999999999987e-08 3.4800000000001496e-08 1.997199999999999e-06 9.972141194347382e-05 7.25048966114811e-08 7.314069128734335e-08 7.111764249055971e-08
-0.005 0.11199999999999999 -0.005 0.009989999999999999 3.9399999999999155e-08 3.700000000000925e-09 1.9816000000000002e-06 0.00010021980842128965 7.242952657038051e-08 7.316107604552297e-08 7.117320163157058e-08
-0.005 0.11199999999999999 0.0 0.0101 3.770000000000023e-08 -1.1099999999999998e-08 1.963300000000001e-06 0.00010131633629380803 7.235502966257716e-08 7.31678264658247e-08 7.111174918467673e-08
-0.005 0.11199999999999999 0.005 0.010079999999999999 3.159999999999968e-08 -4.349999999999909e-08 1.978000000000002e-06 0.00010110914894310997 7.249588230865657e-08 7.29359228242995e-08 7.108412958805875e-08
-0.005 0.11199999999999999 0.01 0.01004 3.169999999999978e-08 -6.849999999999911e-08 1.9861000000000016e-06 0.00010071822079445208 7.24741094328828e-08 7.298767833824192e-08 7.103569196451367e-08
-0.01 0.11199999999999999 0.01 0.010029999999999999 2.360000000000001e-08 -6.309999999999926e-08 1.9855999999999984e-06 0.00010061068531721669 7.246242067964938e-08 7.298473440643657e-08 7.107903121013085e-08
-0.01 0.11199999999999999 0.005 0.010039999999999999 3.240000000000048e-08 -4.2399999999998e-08 1.9724999999999993e-06 0.00010071037682384074 7.248994819371364e-08 7.29317053584697e-08 7.103765212373773e-08
-0.01 0.11199999999999999 -0.0 0.01005 3.559999999999952e-08 -1.4999999999998348e-08 1.969900000000002e-06 0.00010081790515578074 7.250496349172115e-08 7.306084492124559e-08 7.104277449020977e-08
-0.01 0.11199999999999999 -0.005 0.010079999999999999 4.390000000000088e-08 1.2400000000001299e-08 1.9800999999999957e-06 0.00010110914894310997 7.244733352488824e-08 7.317069112675045e-08 7.104975038233906e-08
-0.01 0.11199999999999999 -0.01 0.00998 5.510000000000098e-08 3.060000000000007e-08 1.9971000000000016e-06 0.00010012012784650247 7.237891311409156e-08 7.306068152290761e-08 7.102308810569103e-08
-0.01 0.134 -0.01 0.010039999999999999 5.6399999999999506e-08 1.9470000000000044e-07 1.7277000000000042e-06 0.00010071822079445206 7.240217508879689e-08 7.313368946819482e-08 7.105867811865476e-08
-0.01 0.134 -0.005 0.009940000000000001 4.240000000000077e-08 9.599999999999886e-08 1.7176999999999999e-06 9.972141194347382e-05 7.254069997644772e-08 7.296270032103199e-08 7.102519361906769e-08
-0.01 0.134 0.0 0.010029999999999999 3.3700000000000394e-08 4.999999999977245e-10 1.708000000000004e-06 0.00010061853705952994 7.241694187317808e-08 7.294769622318587e-08 7.101056142929408e-08
-0.01 0.134 0.005 0.009959999999999998 2.980000000000066e-08 -9.059999999999901e-08 1.707599999999998e-06 9.990495483208026e-05 7.242786011250399e-08 7.295768902205509e-08 7.101547313173733e-08
-0.01 0.134 0.01 0.01004 2.259999999999901e-08 -1.9230000000000082e-07 1.7278000000000015e-06 0.00010071841936805799 7.251892699533076e-08 7.294090770324913e-08 7.108283399997333e-08
-0.005 0.134 0.01 0.010009999999999998 3.4700000000000006e-08 -1.8589999999999996e-07 1.7166000000000015e-06 0.00010041130414450355 7.250559817258473e-08 7.302770422985852e-08 7.102603505927919e-08
-0.005 0.134 0.005 0.010029999999999999 3.110000000000057e-08 -9.259999999999824e-08 1.7081999999999985e-06 0.00010061853705952994 7.24179970695248e-08 7.295273520981011e-08 7.10101610063128e-08
-0.005 0.134 -0.0 0.010010000000000002 3.23999999999991e-08 -6.100000000000549e-09 1.7104000000000008e-06 0.00010041130414450358 7.253711618220906e-08 7.288371700463908e-08 7.105382240317659e-08
-0.005 0.134 -0.005 0.01006 4.180000000000017e-08 9.679999999999966e-08 1.708599999999999e-06 0.00010090976166853234 7.248031084891264e-08 7.301476492257513e-08 7.109202310682164e-08
-0.005 0.134 -0.01 0.01005 3.850000000000103e-08 1.8429999999999836e-07 1.7386999999999985e-06 0.00010081006894154969 7.244621088988094e-08 7.296668166475126e-08 7.101128084651996e-08
0.0 0.134 -0.01 0.01002 2.969999999999917e-08 1.774999999999999e-07 1.7429000000000028e-06 0.00010051099442349578 7.247296867358604e-08 7.29348804475808e-08 7.101842151825904e-08
0.0 0.134 -0.005 0.010029999999999999 2.979999999999927e-08 9.389999999999954e-08 1.717000000000002e-06 0.00010060283296209903 7.250526776534283e-08 7.301067898821981e-08 7.105725278593441e-08
0.0 0.134 0.0 0.01007 3.250000000000058e-08 -4.700000000001925e-09 1.7145000000000022e-06 0.00010100163365015439 7.247423872152612e-08 7.30133113938421e-08 7.103049056369091e-08
0.0 0.134 0.005 0.010099999999999998 4.070000000000046e-08 -9.450000000000014e-08 1.7027000000000015e-06 0.00010130853863322675 7.241268869441509e-08 7.298870972510802e-08 7.10797986951606e-08
0.0 0.134 0.01 0.01009 3.9500000000000645e-08 -1.8559999999999965e-07 1.7212999999999978e-06 0.00010120884348711827 7.239039297540873e-08 7.303069967027879e-08 7.106578373674606e-08
0.005 0.134 0.01 0.009959999999999998 5.5199999999999694e-08 -1.9190000000000041e-07 1.7193000000000015e-06 9.992076861193571e-05 7.246430806821652e-08 7.298583833279354e-08 7.103090303960877e-08
0.005 0.134 0.005 0.010009999999999998 4.299999999999998e-08 -9.660000000000224e-08 1.7106999999999983e-06 0.00010041917147636699 7.237475503995377e-08 7.314067811865476e-08 7.101227719027137e-08
0.005 0.134 -0.0 0.00997 4.229999999999928e-08 -4.6999999999991496e-09 1.700299999999999e-06 0.000100020447909415 7.242697646101835e-08 7.310187907215072e-08 7.110449279588252e-08
0.005 0.134 -0.005 0.01006 2.8100000000000348e-08 8.170000000000121e-08 1.7244999999999955e-06 0.00010090976166853234 7.249317356044416e-08 7.308529219256235e-08 7.112687278464652e-08
0.005 0.134 -0.01 0.01007 2.370000000000011e-08 1.810000000000006e-07 1.7402000000000028e-06 0.00010101727575023987 7.247213490211554e-08 7.30057271377391e-08 7.106731238509588e-08
0.01 0.134 -0.01 0.00997 1.780000000000115e-08 1.7459999999999975e-07 1.7453999999999969e-06 0.000100020447909415 7.244313995084616e-08 7.29819478076173e-08 7.102165400196406e-08
0.01 0.134 -0.005 0.01007 2.439999999999942e-08 8.050000000000001e-08 1.7290000000000028e-06 0.00010100945500298475 7.245411438075326e-08 7.301788638840415e-08 7.109501651122047e-08
0.01 0.134 0.0 0.01005 3.110000000000057e-08 -3.800000000001025e-09 1.718200000000003e-06 0.00010082593912282692 7.240586247441079e-08 7.305368345368923e-08 7.099859824646802e-08
0.01 0.134 0.005 0.010009999999999998 4.4299999999999894e-08 -9.959999999999969e-08 1.7183000000000003e-06 0.00010041917147636699 7.238376448821253e-08 7.303905695381024e-08 7.099431521072841e-08
0.01 0.134 0.01 0.009989999999999999 5.290000000000017e-08 -1.9250000000000102e-07 1.738799999999996e-06 0.00010021192543804353 7.232122585157049e-08 7.310684171907941e-08 7.099972136801375e-08
0.01 0.156 0.01 0.01005 3.149999999999958e-08 -2.7399999999999925e-07 1.1819999999999997e-06 0.00010081006894154969 7.246513415971136e-08 7.303969550802736e-08 7.104175212850755e-08
0.01 0.156 0.005 0.00997 2.8300000000000548e-08 -1.3299999999999977e-07 1.1814000000000047e-06 0.000100020447909415 7.24545141201182e-08 7.29818632718292e-08 7.10677775445854e-08
0.01 0.156 -0.0 0.01007 2.12999999999991e-08 1.1899999999998024e-08 1.1849999999999971e-06 0.00010102529386247785 7.235470853199875e-08 7.313669872862492e-08 7.102194006621661e-08
0.01 0.156 -0.005 0.010009999999999998 2.9899999999999374e-08 1.459999999999989e-07 1.1801999999999978e-06 0.00010041917147636699 7.245207123911895e-08 7.295085311181936e-08 7.10551225989415e-08
0.01 0.156 -0.01 0.01005 1.850000000000046e-08 2.917000000000003e-07 1.1916000000000038e-06 0.00010081790515578074 7.243021584723183e-08 7.306773942460333e-08 7.110568951089554e-08
0.005 0.156 -0.01 0.010069999999999997 2.1699999999999496e-08 2.923999999999982e-07 1.1820999999999971e-06 0.00010101727575023983 7.241514753756494e-08 7.299368359390005e-08 7.105980273823923e-08
0.005 0.156 -0.005 0.01002 1.3099999999999224e-08 1.4309999999999879e-07 1.200100000000004e-06 0.00010051885395287791 7.242985990078252e-08 7.295267811865476e-08 7.099169413243333e-08
0.005 0.156 0.0 0.010029999999999999 2.6299999999999934e-08 1.2699999999998823e-08 1.1757000000000017e-06 0.00010061068531721669 7.238778574787836e-08 7.304767833260426e-08 7.100367982513442e-08
0.005 0.156 0.005 0.010060000000000001 3.0899999999998986e-08 -1.2780000000000013e-07 1.1737999999999971e-06 0.00010090976166853236 7.238548557027419e-08 7.318642972170382e-08 7.108156354570737e-08
0.005 0.156 0.01 0.01004 3.3400000000000094e-08 -2.71200000000002e-07 1.1745000000000006e-06 0.00010071822079445208 7.23037035421807e-08 7.316184967527825e-08 7.102900185323954e-08
-0.0 0.156 0.01 0.009989999999999999 3.049999999999997e-08 -2.562000000000009e-07 1.1653000000000024e-06 0.00010021192543804353 7.229773829394742e-08 7.324174943333556e-08 7.107388604808361e-08
-0.0 0.156 0.005 0.01 2.6299999999999934e-08 -1.252000000000003e-07 1.1743000000000003e-06 0.00010031968899473323 7.248977957725682e-08 7.309372532758706e-08 7.10902568324942e-08
-0.0 0.156 -0.0 0.01006 2.1400000000000585e-08 1.27000000000016e-08 1.1780000000000013e-06 0.00010091759014165964 7.231042872421801e-08 7.306070875675291e-08 7.104077507410876e-08
-0.0 0.156 -0.005 0.00998 1.7599999999999562e-08 1.557000000000003e-07 1.1801999999999978e-06 0.00010011223701426315 7.240479617829523e-08 7.306567833096898e-08 7.10295824930368e-08
-0.0 0.156 -0.01 0.01005 1.3499999999999623e-08 2.904999999999991e-07 1.1911999999999978e-06 0.00010081006894154969 7.248268263332169e-08 7.291637302049409e-08 7.105232413429083e-08
-0.005 0.156 -0.01 0.01004 2.269999999999911e-08 2.994999999999998e-07 1.1742999999999948e-06 0.00010071037682384076 7.24276853987791e-08 7.293368014294533e-08 7.101227719027137e-08
-0.005 0.156 -0.005 0.010069999999999997 2.0099999999999287e-08 1.578999999999997e-07 1.175599999999999e-06 0.00010100945500298472 7.237986534602022e-08 7.298575745793065e-08 7.10199514605386e-08
-0.005 0.156 0.0 0.00999 1.899999999999957e-08 1.3100000000001998e-08 1.1780000000000013e-06 0.00010021980842128967 7.240479617829523e-08 7.293571609585875e-08 7.100628934983517e-08
-0.005 0.156 0.005 0.010029999999999999 2.839999999999926e-08 -1.1710000000000054e-07 1.164599999999999e-06 0.00010061068531721669 7.246900687062351e-08 7.305074734839989e-08 7.108859345308827e-08
-0.005 0.156 0.01 0.010019999999999998 3.139999999999949e-08 -2.587000000000006e-07 1.1638000000000038e-06 0.0001005188539528779 7.239342111745166e-08 7.302368006417923e-08 7.105774871666041e-08
-0.01 0.156 0.01 0.00993 2.8800000000001045e-08 -2.6249999999999886e-07 1.1658999999999976e-06 9.962193533554746e-05 7.24350539477593e-08 7.299171516350958e-08 7.101878199724119e-08
-0.01 0.156 0.005 0.01006 2.5500000000000523e-08 -1.1200000000000099e-07 1.1627e-06 0.00010091759014165964 7.24087358326327e-08 7.315871815100716e-08 7.11180600033772e-08
-0.01 0.156 -0.0 0.01 2.460000000000101e-08 2.31000000000009e-08 1.1649999999999994e-06 0.00010031948963187561 7.243797253478653e-08 7.30667086787282e-08 7.110064478389681e-08
-0.01 0.156 -0.005 0.01006 1.890000000000086e-08 1.6249999999999876e-07 1.1730999999999992e-06 0.00010091759014165964 7.235067811865476e-08 7.297270994866953e-08 7.104444450402033e-08
-0.01 0.156 -0.01 0.01 1.3000000000000512e-08 3.1090000000000006e-07 1.1805999999999983e-06 0.0001003275635107322 7.241270749560452e-08 7.296874986242199e-08 7.099806983739419e-08
-0.01 0.179 -0.01 0.00999 -1.2100000000000998e-08 2.2989999999999954e-07 5.640000000000034e-07 0.00010021980842128967 7.235997433219555e-08 7.293868619763472e-08 7.105468393255912e-08
-0.01 0.179 -0.005 0.01006 -1.1999999999998124e-09 1.328999999999997e-07 5.73199999999996e-07 0.00010092561617349682 7.22796682397199e-08 7.311270809348855e-08 7.106742452718608e-08
-0.01 0.179 0.0 0.00998 8.500000000000174e-09 2.5500000000000523e-08 5.759000000000014e-07 0.00010012012784650247 7.226375055740318e-08 7.307568002140241e-08 7.105308431018756e-08
-0.01 0.179 0.005 0.01004 1.7000000000000347e-08 -7.800000000000029e-08 5.736999999999992e-07 0.00010071822079445208 7.227581900688176e-08 7.301067898821981e-08 7.102359983410449e-08
-0.01 0.179 0.01 0.010039999999999999 2.3000000000000798e-08 -1.789999999999986e-07 5.606e-07 0.00010071822079445206 7.238993331069675e-08 7.300767833632998e-08 7.108094558954573e-08
-0.005 0.179 0.01 0.009989999999999999 2.1199999999999e-08 -1.8440000000000123e-07 5.643000000000009e-07 0.00010021980842128965 7.23371700491604e-08 7.302361996833451e-08 7.106088377252117e-08
-0.005 0.179 0.005 0.010049999999999998 1.830000000000026e-08 -8.050000000000001e-08 5.803000000000003e-07 0.00010081006894154967 7.238223128861377e-08 7.305173984359924e-08 7.10279445681889e-08
-0.005 0.179 -0.0 0.01004 9.000000000000675e-09 2.5400000000000423e-08 5.864000000000036e-07 0.00010071037682384076 7.240589314926297e-08 7.303469963318512e-08 7.101691332237895e-08
-0.005 0.179 -0.005 0.010010000000000002 1.9999999999992246e-09 1.2340000000000128e-07 5.867000000000011e-07 0.00010041917147636702 7.241923833123141e-08 7.298175759766908e-08 7.102438180049481e-08
-0.005 0.179 -0.01 0.010079999999999999 -6.699999999999761e-09 2.355999999999997e-07 5.684999999999995e-07 0.00010111696197967974 7.233368089129564e-08 7.292667902118165e-08 7.10338653708786e-08
0.0 0.179 -0.01 0.010029999999999999 5.499999999999949e-09 2.3299999999999988e-07 5.701999999999985e-07 0.00010061068531721669 7.239039297540873e-08 7.293267811865476e-08 7.104805624479811e-08
0.0 0.179 -0.005 0.01007 7.999999999999675e-09 1.1980000000000045e-07 5.921999999999983e-07 0.00010101727575023987 7.243986289767637e-08 7.288501020000756e-08 7.10674665713827e-08
0.0 0.179 0.0 0.00997 9.900000000000186e-09 2.1599999999999396e-08 5.898000000000014e-07 0.000100020447909415 7.233171544086544e-08 7.292768375689748e-08 7.099538147304315e-08
0.0 0.179 0.005 0.01 1.1099999999999998e-08 -8.340000000000014e-08 5.865000000000009e-07 0.00010031948963187561 7.234174709328458e-08 7.303572650524804e-08 7.104540188536396e-08
0.0 0.179 0.01 0.009969999999999998 1.4299999999999036e-08 -1.8790000000000197e-07 5.705000000000016e-07 0.000100020447909415 7.248870623991719e-08 7.292379763643956e-08 7.105999173132967e-08
0.005 0.179 0.01 0.010009999999999998 1.4999999999999737e-08 -1.8799999999999927e-07 5.609000000000031e-07 0.0001004272373412711 7.234667934114819e-08 7.292268173528833e-08 7.102077487774779e-08
0.005 0.179 0.005 0.00997 6.600000000001049e-09 -8.730000000000126e-08 5.893000000000037e-07 0.00010001254921258632 7.239468286924188e-08 7.292870066137158e-08 7.100167983686274e-08
0.005 0.179 -0.0 0.010079999999999999 9.800000000000086e-09 1.7000000000000347e-08 5.932999999999966e-07 0.00010111696197967974 7.249168513716985e-08 7.290189741393307e-08 7.103480463716258e-08
0.005 0.179 -0.005 0.010039999999999999 1.16000000000005e-08 1.247999999999999e-07 5.86399999999998e-07 0.00010071037682384074 7.23596784218688e-08 7.287875284061432e-08 7.10103913148941e-08
0.005 0.179 -0.01 0.01005 1.5399999999998748e-08 2.253000000000005e-07 5.732999999999988e-07 0.00010082593912282692 7.23101061414179e-08 7.303669187613771e-08 7.106218914266396e-08
0.01 0.179 -0.01 0.01004 2.2900000000000698e-08 2.2910000000000152e-07 5.679999999999963e-07 0.00010071822079445208 7.23486976545578e-08 7.302983529314725e-08 7.103811971650084e-08
0.01 0.179 -0.005 0.01004 1.6499999999999847e-08 1.2239999999999752e-07 5.840000000000012e-07 0.00010071037682384076 7.236291781070916e-08 7.306673244740016e-08 7.106288260471364e-08
0.01 0.179 0.0 0.00997 9.599999999999886e-09 1.0099999999998999e-08 5.94e-07 0.00010001254921258632 7.244772676506626e-08 7.295570506726807e-08 7.102165400196406e-08
0.01 0.179 0.005 0.009989999999999999 1.9999999999992246e-09 -8.640000000000036e-08 5.87800000000005e-07 0.00010021980842128965 7.242922925260451e-08 7.292355000830404e-08 7.10688345090766e-08
0.01 0.179 0.01 0.010049999999999998 4.400000000000237e-09 -1.9230000000000082e-07 5.598999999999965e-07 0.00010081006894154967 7.249560892963876e-08 7.297970478222661e-08 7.105992015507077e-08
0.01 0.201 0.01 0.01 1.2999999999999124e-09 -8.579999999999976e-08 2.3519999999999652e-07 0.0001003275635107322 7.250161753694897e-08 7.29668279363752e-08 7.106578373674606e-08
0.01 0.201 0.005 0.010029999999999999 3.200000000000425e-09 -3.8900000000000044e-08 2.5149999999999894e-07 0.00010061068531721669 7.240571381149429e-08 7.294285373898575e-08 7.102364137528403e-08
0.01 0.201 -0.0 0.00999 7.799999999999474e-09 6.2000000000006494e-09 2.5319999999999785e-07 0.00010021980842128967 7.241568545001729e-08 7.294570518784206e-08 7.101454980210025e-08
0.01 0.201 -0.005 0.009949999999999999 9.500000000001174e-09 6.629999999999969e-08 2.491000000000021e-07 9.982108995598074e-05 7.242868277522587e-08 7.28447015487042e-08 7.100730246020481e-08
0.01 0.201 -0.01 0.010019999999999998 7.599999999999274e-09 1.0110000000000119e-07 2.469999999999972e-07 0.00010051099442349576 7.250804174352313e-08 7.292581919768336e-08 7.101525979899683e-08
0.005 0.201 -0.01 0.01 8.500000000000174e-09 1.1120000000000019e-07 2.4250000000000107e-07 0.00010031948963187561 7.231073936748244e-08 7.302594268237097e-08 7.107268640585272e-08
0.005 0.201 -0.005 0.01004 3.599999999999437e-09 6.680000000000019e-08 2.5390000000000134e-07 0.00010071822079445208 7.254675927154534e-08 7.285867811865476e-08 7.109167943098845e-08
0.005 0.201 0.0 0.009980000000000001 4.700000000000537e-09 8.999999999997898e-09 2.60100000000002e-07 0.00010011223701426316 7.250437486002437e-08 7.292297104681776e-08 7.105456763579652e-08
0.005 0.201 0.005 0.010019999999999998 -2.1000000000007124e-09 -3.9400000000000545e-08 2.6249999999999886e-07 0.00010051099442349576 7.244084458463426e-08 7.287294544717823e-08 7.103771328495955e-08
0.005 0.201 0.01 0.010009999999999998 8.000000000008001e-10 -8.650000000000046e-08 2.4319999999999895e-07 0.00010041917147636699 7.247163467689235e-08 7.29296837518157e-08 7.109186048970567e-08
-0.0 0.201 0.01 0.010029999999999999 1.6000000000002124e-09 -9.210000000000051e-08 2.524000000000026e-07 0.00010061853705952994 7.254168057632652e-08 7.294278653896055e-08 7.112968885837392e-08
-0.0 0.201 0.005 0.01002 -5.499999999999949e-09 -3.569999999999962e-08 2.6680000000000035e-07 0.00010050313427948404 7.246471916720522e-08 7.298519301198916e-08 7.108103200347304e-08
-0.0 0.201 -0.0 0.01005 9.699999999999986e-09 1.4200000000000324e-08 2.5270000000000014e-07 0.00010081006894154969 7.233373018189857e-08 7.303867897776113e-08 7.107228840611904e-08
-0.0 0.201 -0.005 0.009959999999999998 -3.000000000003e-10 5.999999999999895e-08 2.6180000000000093e-07 9.991286203487516e-05 7.2355933721897e-08 7.300687410332157e-08 7.10657471260322e-08
-0.0 0.201 -0.01 0.010010000000000002 -1.6000000000002124e-09 1.1780000000000124e-07 2.46200000000002e-07 0.00010041917147636702 7.250967895245112e-08 7.286382326006998e-08 7.105235632984183e-08
-0.005 0.201 -0.01 0.01006 -1.2999999999999124e-09 1.1439999999999783e-07 2.3949999999999804e-07 0.00010092561617349682 7.241867928961455e-08 7.290770565603339e-08 7.102983012005848e-08
-0.005 0.201 -0.005 0.009980000000000001 2.099999999999325e-09 6.410000000000026e-08 2.512000000000014e-07 0.00010012012784650248 7.24288457472638e-08 7.290228848548551e-08 7.104689233608169e-08
-0.005 0.201 0.0 0.01007 1.3699999999999823e-08 1.909999999999967e-08 2.4230000000000084e-07 0.00010101727575023987 7.253506020582838e-08 7.295680634295542e-08 7.109293457706978e-08
-0.005 0.201 0.005 0.01 5.1999999999996495e-09 -3.700000000000092e-08 2.5559999999999474e-07 0.0001003037387139682 7.243167840918349e-08 7.293168374674308e-08 7.103464416625852e-08
-0.005 0.201 0.01 0.009989999999999999 1.1599999999999111e-08 -8.560000000000234e-08 2.4069999999999924e-07 0.00010021980842128965 7.247708690486479e-08 7.290104338499734e-08 7.10714772317357e-08
-0.01 0.201 0.01 0.010029999999999999 1.719999999999916e-08 -7.969999999999921e-08 2.3340000000000028e-07 0.00010061068531721669 7.249486252616424e-08 7.296968365206985e-08 7.111647856222278e-08
-0.01 0.201 0.005 0.01004 9.900000000000186e-09 -3.760000000000152e-08 2.5139999999999607e-07 0.00010071822079445208 7.24431336014883e-08 7.29677049239896e-08 7.10723215894931e-08
-0.01 0.201 -0.0 0.01 2.900000000000125e-09 1.7200000000000548e-08 2.493999999999996e-07 0.00010031948963187561 7.2434707120731e-08 7.287373012912515e-08 7.099485412045646e-08
-0.01 0.201 -0.005 0.009959999999999998 -1.1300000000000199e-08 6.460000000000076e-08 2.554000000000001e-07 9.990495483208026e-05 7.23957448829107e-08 7.293870056019344e-08 7.104029911313175e-08
-0.01 0.201 -0.01 0.01 -1.2700000000000211e-08 1.0900000000000076e-07 2.4530000000000387e-07 0.00010031948963187561 7.241568545001729e-08 7.29416837215164e-08 7.10338034813238e-08
0.0 0.0 0.0 0.01006 0.0 2.900000000000125e-09 1.9669999999999966e-07 0.00010090976166853234 7.270860954890955e-08 7.294977659795396e-08 7.111180652702295e-08
