-0.01 0.0 -0.01 0.020109999999999996 -1.9600000000000172e-08 -1.4050000000000174e-07 3.6430000000000074e-07 0.00020125906190778092 7.258972308884573e-08 7.309570348539616e-08 7.10288258830662e-08
-0.01 0.0 -0.005 0.02007 -1.2900000000000412e-08 -6.779999999999842e-08 3.7969999999999946e-07 0.00020085151231693529 7.264599463023626e-08 7.30357918793125e-08 7.100976004722953e-08
-0.01 0.0 0.0 0.02011 -5.2000000000010375e-09 1.8999999999991245e-09 3.9120000000000266e-07 0.00020125906190778095 7.27021424040488e-08 7.30131194316962e-08 7.108730791036009e-08
-0.01 0.0 0.005 0.01999 1.0000000000000286e-08 7.300000000000084e-08 3.786999999999985e-07 0.00020005606714118923 7.260079610439004e-08 7.310993341978468e-08 7.106172797266413e-08
-0.01 0.0 0.01 0.020059999999999998 1.9999999999999186e-08 1.5209999999999946e-07 3.549000000000024e-07 0.00020076349269725307 7.252081181537442e-08 7.314968816373452e-08 7.104792876728275e-08
-0.005 0.0 0.01 0.020089999999999997 1.4299999999999036e-08 1.4849999999999864e-07 3.6430000000000074e-07 0.00020105922013178106 7.260967838195121e-08 7.307373926894266e-08 7.102160576297092e-08
-0.005 0.0 0.005 0.020079999999999997 8.299999999999973e-09 7.580000000000086e-08 3.823999999999994e-07 0.00020095536817910586 7.264745740396323e-08 7.306177190666068e-08 7.102960444243503e-08
-0.005 0.0 -0.0 0.02005 2.3000000000009123e-09 7.699999999999374e-09 3.847000000000045e-07 0.00020066357417329134 7.257467811865475e-08 7.303768005247433e-08 7.100805666529186e-08
-0.005 0.0 -0.005 0.020079999999999997 4.0000000000040006e-10 -6.889999999999951e-08 3.757999999999984e-07 0.0002009592993618359 7.260928497632698e-08 7.30807321264782e-08 7.10744720163496e-08
-0.005 0.0 -0.01 0.020079999999999997 -9.600000000001274e-09 -1.4019999999999865e-07 3.657000000000021e-07 0.00020095536817910586 7.27166940707349e-08 7.301768353694055e-08 7.106855239825585e-08
0.0 0.0 -0.01 0.020039999999999995 -2.1000000000007124e-09 -1.3809999999999934e-07 3.6920000000000286e-07 0.00020055961707183225 7.257667543912443e-08 7.312169491660536e-08 7.102919028482742e-08
0.0 0.0 -0.005 0.02003 -2.6999999999999245e-09 -7.220000000000004e-08 3.881999999999997e-07 0.00020045575571681645 7.2515800275186e-08 7.320008487529377e-08 7.104489361799612e-08
0.0 0.0 0.0 0.02012 2.8000000000000247e-09 2.2000000000022e-09 3.9469999999999784e-07 0.00020136300553974653 7.260128754421045e-08 7.311250450705172e-08 7.103281163134787e-08
0.0 0.0 0.005 0.0201 5.399999999999849e-09 8.039999999999991e-08 3.80999999999998e-07 0.0002011591409804685 7.258502387117749e-08 7.306367833114943e-08 7.101333964577706e-08
0.0 0.0 0.01 0.02004 3.299999999999137e-09 1.482000000000011e-07 3.728000000000009e-07 0.00020055567805474865 7.254507175143918e-08 7.306455577053049e-08 7.100166952746264e-08
0.005 0.0 0.01 0.02007 -6.899999999999962e-09 1.568999999999987e-07 3.674000000000011e-07 0.00020085937867075066 7.254397514859834e-08 7.310504651136295e-08 7.100642463173648e-08
0.005 0.0 0.005 0.020089999999999997 1.1999999999998124e-09 7.909999999999861e-08 3.8180000000000433e-07 0.00020105529090277627 7.253525807031487e-08 7.322067891546737e-08 7.105972539338985e-08
0.005 0.0 -0.0 0.02003 3.000000000003e-10 5.399999999999849e-09 3.9049999999999916e-07 0.00020045969669736606 7.246376054683662e-08 7.322069086762636e-08 7.104768256966394e-08
0.005 0.0 -0.005 0.020020000000000003 4.200000000000037e-09 -6.210000000000104e-08 3.8160000000000416e-07 0.00020035583345637836 7.253474829274346e-08 7.305674717134694e-08 7.103832732130906e-08
0.005 0.0 -0.01 0.02011 2.1000000000007124e-09 -1.4069999999999916e-07 3.7340000000000153e-07 0.00020125906190778095 7.255655839646262e-08 7.317477633098315e-08 7.108694663979359e-08
0.01 0.0 -0.01 0.020079999999999997 1.2399999999999911e-08 -1.356999999999997e-07 3.6219999999999587e-07 0.0002009592993618359 7.26484995758587e-08 7.30657904302017e-08 7.100722491091527e-08
0.01 0.0 -0.005 0.020059999999999998 6.000000000000449e-09 -6.259999999999877e-08 3.7849999999999826e-07 0.00020075552296263232 7.252869572032973e-08 7.306769530145169e-08 7.103312191220644e-08
0.01 0.0 0.0 0.02003 8.999999999995123e-10 -1.3000000000013002e-09 3.9500000000000093e-07 0.00020045575571681645 7.258868770329484e-08 7.306169534530368e-08 7.105315439520541e-08
0.01 0.0 0.005 0.020089999999999997 1.5000000000001123e-09 8.309999999999984e-08 3.707999999999989e-07 0.00020105922013178106 7.257468241049531e-08 7.306869168943844e-08 7.102740197314002e-08
0.01 0.0 0.01 0.020079999999999997 -9.000000000000675e-09 1.5290000000000026e-07 3.6010000000000207e-07 0.00020095536817910586 7.255997257871243e-08 7.309845742168928e-08 7.100569337249767e-08
0.01 0.022000000000000002 0.01 0.020050000000000002 -2.429999999999932e-08 3.378999999999993e-07 8.218000000000003e-07 0.00020065560047005917 7.25146825532391e-08 7.317173683392345e-08 7.101110448234476e-08
0.01 0.022000000000000002 0.005 0.02001 -1.0200000000000487e-08 1.79399999999999e-07 8.527000000000006e-07 0.00020025995605712092 7.250214734808628e-08 7.323675729397765e-08 7.105182911161828e-08
0.01 0.022000000000000002 -0.0 0.020079999999999997 3.4000000000006248e-09 1.0899999999999798e-08 8.691999999999978e-07 0.0002009592993618359 7.262932972850997e-08 7.308975398966013e-08 7.105488735734541e-08
0.01 0.022000000000000002 -0.005 0.020050000000000002 1.6599999999999947e-08 -1.4020000000000143e-07 8.512999999999993e-07 0.00020065560047005917 7.25459072596614e-08 7.302317633487029e-08 7.103594723800057e-08
0.01 0.022000000000000002 -0.01 0.020039999999999995 3.3800000000000495e-08 -3.010000000000013e-07 8.180999999999994e-07 0.00020055961707183225 7.262768098771886e-08 7.303768005247433e-08 7.10288761701887e-08
0.005 0.022000000000000002 -0.01 0.02004 2.0299999999999484e-08 -3.1009999999999926e-07 8.350999999999997e-07 0.00020055961707183227 7.262868228966169e-08 7.306267896899474e-08 7.110168962743679e-08
0.005 0.022000000000000002 -0.005 0.020059999999999998 1.4799999999999535e-08 -1.4210000000000056e-07 8.581999999999979e-07 0.0002007594580586429 7.262218956251274e-08 7.298367833862835e-08 7.103256319131269e-08
0.005 0.022000000000000002 0.0 0.02007 3.9999999999901226e-10 1.06999999999996e-08 8.855000000000001e-07 0.00020085937867075066 7.253871750553897e-08 7.303768005247433e-08 7.101379525772809e-08
0.005 0.022000000000000002 0.005 0.020079999999999997 1.0000000000010001e-10 1.766999999999991e-07 8.61500000000004e-07 0.0002009592993618359 7.247468832270687e-08 7.316369462899463e-08 7.103677626339036e-08
0.005 0.022000000000000002 0.01 0.0201 -7.800000000000862e-09 3.4220000000000083e-07 8.321999999999996e-07 0.00020115521370324955 7.249704090375749e-08 7.312286467860405e-08 7.107536154301074e-08
-0.0 0.022000000000000002 0.01 0.020079999999999997 5.600000000000049e-09 3.370999999999985e-07 8.396999999999988e-07 0.00020095536817910586 7.246383812276162e-08 7.311455207541705e-08 7.10657133281763e-08
-0.0 0.022000000000000002 0.005 0.020099999999999996 7.800000000000862e-09 1.7429999999999946e-07 8.66699999999998e-07 0.00020115521370324952 7.258519458964134e-08 7.297927107465194e-08 7.100284930135422e-08
-0.0 0.022000000000000002 -0.0 0.020039999999999995 7.900000000000962e-09 1.0099999999998999e-08 8.801000000000004e-07 0.00020055567805474863 7.259667917909985e-08 7.313473092336013e-08 7.108358561388649e-08
-0.0 0.022000000000000002 -0.005 0.0201 1.5700000000000435e-08 -1.5439999999999897e-07 8.591000000000015e-07 0.0002011591409804685 7.258056581581734e-08 7.30928200119936e-08 7.102483731396821e-08
-0.0 0.022000000000000002 -0.01 0.0201 6.599999999999662e-09 -3.0890000000000087e-07 8.373999999999993e-07 0.0002011591409804685 7.260247779092452e-08 7.306590931749703e-08 7.102549234959104e-08
-0.005 0.022000000000000002 -0.01 0.02003 -7.899999999999574e-09 -3.177000000000013e-07 8.351999999999971e-07 0.00020045575571681645 7.259413239205775e-08 7.30657547628428e-08 7.10067389232203e-08
-0.005 0.022000000000000002 -0.005 0.020120000000000002 -7.999999999994123e-10 -1.6059999999999962e-07 8.709999999999996e-07 0.00020135898291360137 7.257518716931662e-08 7.31147613118908e-08 7.101771883256743e-08
-0.005 0.022000000000000002 0.0 0.02005 7.999999999999675e-09 1.2099999999998224e-08 8.723000000000036e-07 0.00020065560047005914 7.255473126322516e-08 7.304069185251986e-08 7.099582018850766e-08
-0.005 0.022000000000000002 0.005 0.020120000000000002 1.4399999999999136e-08 1.702000000000009e-07 8.678000000000019e-07 0.00020135898291360137 7.252575773123378e-08 7.30660706549425e-08 7.10126847410987e-08
-0.005 0.022000000000000002 0.01 0.020009999999999997 8.000000000001063e-09 3.331999999999974e-07 8.551999999999949e-07 0.00020025591127355012 7.256283361968592e-08 7.31336832775432e-08 7.10597826875163e-08
-0.01 0.022000000000000002 0.01 0.02003 3.4900000000000207e-08 3.377999999999992e-07 8.243999999999974e-07 0.00020045575571681645 7.252271785331843e-08 7.309796486305729e-08 7.099067811865476e-08
-0.01 0.022000000000000002 0.005 0.02003 2.1200000000000385e-08 1.660999999999996e-07 8.596999999999966e-07 0.00020045181465878526 7.255062431352024e-08 7.298366426027552e-08 7.099589032035728e-08
-0.01 0.022000000000000002 -0.0 0.020059999999999998 6.499999999999562e-09 4.200000000001425e-09 8.670000000000011e-07 0.0002007594580586429 7.261300353771428e-08 7.297402254670807e-08 7.102212955949265e-08
-0.01 0.022000000000000002 -0.005 0.020089999999999997 -8.600000000000274e-09 -1.555000000000001e-07 8.548e-07 0.00020105922013178106 7.260949301221337e-08 7.296670028166646e-08 7.106881217176896e-08
-0.01 0.022000000000000002 -0.01 0.020079999999999997 -2.469999999999972e-08 -3.248000000000001e-07 8.334000000000008e-07 0.00020095153644597992 7.252568059799191e-08 7.299082635944964e-08 7.101546985082609e-08
-0.01 0.045 -0.01 0.02007 1.320000000000071e-08 -5.867999999999985e-07 1.891100000000001e-06 0.00020085937867075066 7.259534148382107e-08 7.307069930500034e-08 7.101473732341594e-08
-0.01 0.045 -0.005 0.0201 1.609999999999945e-08 -3.048999999999996e-07 1.9164000000000013e-06 0.0002011591409804685 7.256369134041007e-08 7.317267893100231e-08 7.108094288878554e-08
-0.01 0.045 0.0 0.019989999999999997 2.2700000000000498e-08 -2.1799999999999596e-08 1.922299999999999e-06 0.0002000600159952008 7.2488790601036e-08 7.319569441638803e-08 7.101795323967825e-08
-0.01 0.045 0.005 0.020079999999999997 2.339999999999981e-08 2.6110000000000024e-07 1.9186000000000035e-06 0.0002009633299883339 7.250829264908113e-08 7.303570241960303e-08 7.100772020321518e-08
-0.01 0.045 0.01 0.020059999999999998 2.929999999999877e-08 5.399999999999989e-07 1.9158000000000008e-06 0.0002007594580586429 7.252575773123378e-08 7.300667898973473e-08 7.101180267760006e-08
-0.005 0.045 0.01 0.02007 2.469999999999972e-08 5.426999999999987e-07 1.910099999999998e-06 0.00020085544553235295 7.262530863131248e-08 7.30407090197374e-08 7.104203894917038e-08
-0.005 0.045 0.005 0.02014 2.4799999999999822e-08 2.593999999999985e-07 1.9199999999999994e-06 0.00020155882516029907 7.254069560491001e-08 7.297179509926412e-08 7.102143525855665e-08
-0.005 0.045 -0.0 0.02008 2.360000000000001e-08 -2.2099999999999897e-08 1.9251000000000017e-06 0.00020095929936183595 7.252874852433216e-08 7.30277732828636e-08 7.09983063509269e-08
-0.005 0.045 -0.005 0.02014 2.860000000000085e-08 -2.920000000000006e-07 1.9087999999999994e-06 0.00020155490567088662 7.267976978741982e-08 7.306377182694604e-08 7.10269691239015e-08
-0.005 0.045 -0.01 0.02005 2.7300000000000936e-08 -5.769000000000024e-07 1.8904000000000031e-06 0.00020065560047005914 7.259568687195009e-08 7.302371465100785e-08 7.098868531280627e-08
0.0 0.045 -0.01 0.02012 3.060000000000007e-08 -5.667000000000005e-07 1.8913999999999987e-06 0.00020135505953414726 7.261207812917333e-08 7.300370450315189e-08 7.099870589509307e-08
0.0 0.045 -0.005 0.020059999999999998 3.010000000000096e-08 -2.782000000000007e-07 1.9018999999999953e-06 0.0002007594580586429 7.262922965562217e-08 7.304278188993081e-08 7.099474149186574e-08
0.0 0.045 0.0 0.020069999999999994 2.370000000000011e-08 -1.0899999999999798e-08 1.9156000000000008e-06 0.00020085544553235287 7.253568058440652e-08 7.308393621671321e-08 7.099167989800856e-08
0.0 0.045 0.005 0.020079999999999997 2.1500000000000686e-08 2.6180000000000093e-07 1.9202e-06 0.0002009592993618359 7.255067920561096e-08 7.310468563743994e-08 7.099678998488892e-08
0.0 0.045 0.01 0.020019999999999996 1.5199999999999934e-08 5.456000000000016e-07 1.909099999999997e-06 0.00020035977640235075 7.254968491581457e-08 7.296198218519042e-08 7.099969368916956e-08
0.005 0.045 0.01 0.020079999999999997 1.6000000000002124e-09 5.498000000000003e-07 1.9029999999999992e-06 0.00020095143691947062 7.261068759231535e-08 7.312319630511471e-08 7.102371805220957e-08
0.005 0.045 0.005 0.02007 4.300000000000137e-09 2.708999999999989e-07 1.9218999999999985e-06 0.00020085937867075066 7.259688595449895e-08 7.300567833651967e-08 7.099674104879427e-08
0.005 0.045 -0.0 0.02005 2.6299999999999934e-08 -2.3000000000023003e-09 1.9074000000000035e-06 0.0002006595375256307 7.256568485718699e-08 7.29629347647766e-08 7.098868531280627e-08
0.005 0.045 -0.005 0.020059999999999998 3.3199999999999894e-08 -2.806000000000003e-07 1.8963000000000008e-06 0.00020075158778948672 7.268276026704513e-08 7.296639840273256e-08 7.10724349430548e-08
0.005 0.045 -0.01 0.02004 4.5699999999999906e-08 -5.488999999999994e-07 1.8679000000000001e-06 0.00020055567805474865 7.258494864341899e-08 7.310990507748963e-08 7.101775791284513e-08
0.01 0.045 -0.01 0.02003 5.479999999999929e-08 -5.47800000000001e-07 1.8515999999999977e-06 0.00020045969669736606 7.255572391754432e-08 7.306889524182217e-08 7.102673507554702e-08
0.01 0.045 -0.005 0.02012 3.780000000000033e-08 -2.7260000000000063e-07 1.8797000000000008e-06 0.00020135505953414726 7.255099222227947e-08 7.300484899284874e-08 7.098972291792541e-08
0.01 0.045 0.0 0.02001 3.20999999999988e-08 9.300000000000975e-09 1.8754999999999967e-06 0.00020025591127355015 7.262482858296001e-08 7.300667811865475e-08 7.101767974731493e-08
0.01 0.045 0.005 0.02003 6.699999999999761e-09 2.778000000000003e-07 1.8940000000000013e-06 0.00020045969669736606 7.255675341506062e-08 7.308124851415033e-08 7.105490188308714e-08
0.01 0.045 0.01 0.020059999999999998 -7.400000000000462e-09 5.621000000000015e-07 1.8884999999999985e-06 0.0002007594580586429 7.259071641613702e-08 7.309686671136909e-08 7.103679772861404e-08
0.01 0.067 0.01 0.02005 5.5499999999999994e-08 4.69e-07 3.1735999999999987e-06 0.00020065166333723726 7.25907642868928e-08 7.307489469079868e-08 7.10150988801018e-08
0.01 0.067 0.005 0.020089999999999997 4.190000000000027e-08 2.210999999999991e-07 3.1380999999999992e-06 0.00020105529090277627 7.265112806647613e-08 7.319277561875422e-08 7.102683314391926e-08
0.01 0.067 -0.0 0.020039999999999995 4.5300000000000895e-08 -1.6200000000002322e-08 3.104600000000002e-06 0.00020055567805474863 7.254473155299084e-08 7.309577056969309e-08 7.099470628627199e-08
0.01 0.067 -0.005 0.02003 4.190000000000027e-08 -2.6419999999999777e-07 3.108700000000003e-06 0.00020045575571681645 7.26653699102168e-08 7.308467896111459e-08 7.103883052227235e-08
0.01 0.067 -0.01 0.02007 4.159999999999997e-08 -5.132999999999999e-07 3.1376000000000015e-06 0.00020085151231693529 7.264215682679523e-08 7.306276315113126e-08 7.10238713497438e-08
0.005 0.067 -0.01 0.020089999999999997 5.889999999999923e-08 -5.125999999999991e-07 3.1352999999999965e-06 0.00020105922013178106 7.254483514573832e-08 7.300046806535293e-08 7.100799949360112e-08
0.005 0.067 -0.005 0.02005 5.0499999999999155e-08 -2.701999999999982e-07 3.1167999999999974e-06 0.00020065560047005914 7.253979867236356e-08 7.302087291563617e-08 7.09906852614208e-08
0.005 0.067 0.0 0.02005 5.739999999999912e-08 -2.13999999999992e-08 3.100000000000003e-06 0.00020065560047005914 7.251597975550107e-08 7.311768331183569e-08 7.102637734260059e-08
0.005 0.067 0.005 0.02005 4.310000000000008e-08 2.2179999999999978e-07 3.122999999999998e-06 0.00020065560047005914 7.26318121587467e-08 7.314175236680103e-08 7.100642463173648e-08
0.005 0.067 0.01 0.02004 4.4800000000000395e-08 4.566999999999988e-07 3.173899999999996e-06 0.00020055961707183227 7.253772436875353e-08 7.308492157710631e-08 7.099474149186574e-08
-0.0 0.067 0.01 0.0201 3.210000000000018e-08 4.5329999999999816e-07 3.1758999999999983e-06 0.00020115521370324955 7.265440083550509e-08 7.309669153018454e-08 7.102731039748937e-08
-0.0 0.067 0.005 0.02007 4.279999999999978e-08 2.0809999999999996e-07 3.128700000000001e-06 0.00020085937867075066 7.263175333842102e-08 7.32077664230605e-08 7.109072548412386e-08
-0.0 0.067 -0.0 0.020009999999999997 5.329999999999918e-08 -3.230000000000177e-08 3.1102999999999993e-06 0.00020025985618690528 7.253689716356695e-08 7.32546812633069e-08 7.103205328882196e-08
-0.0 0.067 -0.005 0.02005 6.590000000000068e-08 -2.7409999999999936e-07 3.1162999999999997e-06 0.0002006595375256307 7.243974318394293e-08 7.324167831620513e-08 7.101121763352759e-08
-0.0 0.067 -0.01 0.020050000000000002 6.659999999999999e-08 -5.201999999999984e-07 3.1521999999999997e-06 0.00020065953752563073 7.250591236520867e-08 7.31119048884539e-08 7.10126847410987e-08
-0.005 0.067 -0.01 0.020109999999999996 7.96000000000005e-08 -5.260999999999988e-07 3.164299999999998e-06 0.00020125906190778092 7.253892427275983e-08 7.304476380688473e-08 7.099407536634781e-08
-0.005 0.067 -0.005 0.02007 6.120000000000014e-08 -2.7760000000000005e-07 3.1323999999999965e-06 0.00020085544553235295 7.254644335419007e-08 7.295403453260239e-08 7.099493152672579e-08
-0.005 0.067 0.0 0.0201 4.410000000000108e-08 -4.379999999999939e-08 3.1347000000000015e-06 0.00020115521370324955 7.255889022769419e-08 7.29967209878941e-08 7.100111916258622e-08
-0.005 0.067 0.005 0.02001 3.3199999999999894e-08 2.0359999999999822e-07 3.146099999999996e-06 0.00020025591127355015 7.261091494600023e-08 7.313069877972358e-08 7.101971856908155e-08
-0.005 0.067 0.01 0.020109999999999996 1.4799999999999535e-08 4.4389999999999984e-07 3.199099999999999e-06 0.00020125906190778092 7.258009353530243e-08 7.31936799309779e-08 7.100967979089089e-08
-0.01 0.067 0.01 0.020059999999999998 9.800000000000086e-09 4.3400000000000105e-07 3.202700000000003e-06 0.0002007594580586429 7.249668259793246e-08 7.307484393348248e-08 7.102299846701522e-08
-0.01 0.067 0.005 0.02012 2.869999999999956e-08 1.9939999999999958e-07 3.1565999999999983e-06 0.00020135505953414726 7.260872975125067e-08 7.314704016071665e-08 7.107238518245087e-08
-0.01 0.067 -0.0 0.02005 4.9800000000001233e-08 -4.4299999999999894e-08 3.1421000000000033e-06 0.0002006595375256307 7.258051714915979e-08 7.309068568166795e-08 7.099972136801375e-08
-0.01 0.067 -0.005 0.02003 6.569999999999909e-08 -2.8930000000000066e-07 3.1559000000000006e-06 0.00020045979646802 7.248522369428814e-08 7.313283996295831e-08 7.10001776868755e-08
-0.01 0.067 -0.01 0.02004 8.890000000000009e-08 -5.31799999999999e-07 3.187399999999996e-06 0.00020055567805474865 7.246869632106337e-08 7.311022015829482e-08 7.100311614627771e-08
-0.01 0.08900000000000001 -0.01 0.02008 1.0319999999999912e-07 -2.357999999999999e-07 3.9379e-06 0.00020095929936183595 7.250712349772978e-08 7.29796889163373e-08 7.100964299953544e-08
-0.01 0.08900000000000001 -0.005 0.02004 8.079999999999892e-08 -1.3279999999999957e-07 3.8856000000000005e-06 0.00020055567805474865 7.261551931938515e-08 7.302470923339803e-08 7.101121763352759e-08
-0.01 0.08900000000000001 0.0 0.02013 6.339999999999956e-08 -4.679999999999962e-08 3.8756000000000015e-06 0.00020145498256434364 7.251283793398746e-08 7.299470000996841e-08 7.098268547149655e-08
-0.01 0.08900000000000001 0.005 0.02 3.699999999999953e-08 4.5699999999998517e-08 3.8953000000000015e-06 0.00020015204220791754 7.264483891858842e-08 7.294618253600669e-08 7.101379525772809e-08
-0.01 0.08900000000000001 0.01 0.0201 3.290000000000098e-08 1.343000000000011e-07 3.923300000000002e-06 0.0002011591409804685 7.254935807993132e-08 7.318071779444946e-08 7.105218068087062e-08
-0.005 0.08900000000000001 0.01 0.02005 4.679999999999962e-08 1.3799999999999922e-07 3.9153e-06 0.00020065560047005914 7.243334697830248e-08 7.31341339156521e-08 7.099285536791486e-08
-0.005 0.08900000000000001 0.005 0.02008 5.439999999999889e-08 4.9899999999999944e-08 3.8746e-06 0.00020095929936183595 7.252699637270607e-08 7.317668136277266e-08 7.101657352561603e-08
-0.005 0.08900000000000001 -0.0 0.02005 6.519999999999998e-08 -4.149999999999987e-08 3.858400000000001e-06 0.00020065560047005914 7.253867921274634e-08 7.309376603142675e-08 7.100429351334652e-08
-0.005 0.08900000000000001 -0.005 0.02005 7.529999999999897e-08 -1.3829999999999954e-07 3.873800000000005e-06 0.00020065963719692107 7.254609251328067e-08 7.291769646928078e-08 7.098879320274765e-08
-0.005 0.08900000000000001 -0.01 0.020109999999999996 9.480000000000044e-08 -2.2350000000000147e-07 3.9099999999999964e-06 0.00020125513658041127 7.252676732351227e-08 7.30771252446223e-08 7.09927064860223e-08
0.0 0.08900000000000001 -0.01 0.020039999999999995 7.91e-08 -2.274999999999999e-07 3.8999000000000006e-06 0.00020055961707183225 7.259212490238264e-08 7.322668129830299e-08 7.09989280102419e-08
0.0 0.08900000000000001 -0.005 0.02007 7.039999999999962e-08 -1.3630000000000031e-07 3.863899999999998e-06 0.00020085151231693529 7.258247511619483e-08 7.325848737368151e-08 7.099631074984384e-08
0.0 0.08900000000000001 0.0 0.020079999999999997 6.669999999999871e-08 -3.4000000000000695e-08 3.8470999999999974e-06 0.00020095143691947062 7.254515897164832e-08 7.32370272631714e-08 7.098667811865475e-08
0.0 0.08900000000000001 0.005 0.020059999999999998 6.280000000000035e-08 5.139999999999867e-08 3.867000000000004e-06 0.0002007594580586429 7.25856911852759e-08 7.319570246461195e-08 7.099997035844007e-08
0.0 0.08900000000000001 0.01 0.02008 6.079999999999974e-08 1.451000000000008e-07 3.9088000000000014e-06 0.00020095536817910589 7.269786155256317e-08 7.326373471810569e-08 7.100764949774709e-08
0.005 0.08900000000000001 0.01 0.020079999999999997 7.690000000000058e-08 1.5539999999999998e-07 3.902499999999998e-06 0.00020095536817910586 7.263003061363842e-08 7.322768785244603e-08 7.100181726064703e-08
0.005 0.08900000000000001 0.005 0.02001 6.82000000000002e-08 5.7100000000001597e-08 3.868099999999997e-06 0.00020025995605712092 7.252681137367764e-08 7.317667811865476e-08 7.09896799107637e-08
0.005 0.08900000000000001 -0.0 0.020059999999999998 6.70999999999991e-08 -3.4899999999998824e-08 3.845999999999999e-06 0.0002007594580586429 7.258874627503248e-08 7.329060098571881e-08 7.100467811865476e-08
0.005 0.08900000000000001 -0.005 0.0201 6.390000000000006e-08 -1.2820000000000053e-07 3.854499999999999e-06 0.0002011591409804685 7.251316750836001e-08 7.317576756936441e-08 7.098668536493645e-08
0.005 0.08900000000000001 -0.01 0.020059999999999998 6.459999999999937e-08 -2.3060000000000025e-07 3.899600000000003e-06 0.00020075552296263232 7.25238791554954e-08 7.295172831889571e-08 7.098468541782761e-08
0.01 0.08900000000000001 -0.01 0.020019999999999996 5.389999999999978e-08 -2.246999999999999e-07 3.889699999999996e-06 0.00020035977640235075 7.255940957562735e-08 7.302374059078992e-08 7.100292801172574e-08
0.01 0.08900000000000001 -0.005 0.02012 5.479999999999929e-08 -1.2939999999999895e-07 3.862199999999999e-06 0.00020135505953414726 7.266602821518478e-08 7.301571477779925e-08 7.104277449020977e-08
0.01 0.08900000000000001 0.0 0.02003 6.079999999999974e-08 -3.819999999999934e-08 3.858300000000003e-06 0.00020045979646802 7.249846390000553e-08 7.311484824574643e-08 7.101886312802413e-08
0.01 0.08900000000000001 0.005 0.02005 7.250000000000034e-08 6.850000000000189e-08 3.868500000000003e-06 0.00020065560047005914 7.24681564257755e-08 7.317170270203461e-08 7.100565608393352e-08
0.01 0.08900000000000001 0.01 0.020059999999999998 8.630000000000026e-08 1.5179999999999915e-07 3.920099999999998e-06 0.00020075552296263232 7.251681211146924e-08 7.310937943395018e-08 7.10314428299308e-08
0.01 0.11199999999999999 0.01 0.020059999999999998 9.590000000000015e-08 -1.2530000000000041e-07 4.002499999999998e-06 0.0002007594580586429 7.252814063546219e-08 7.300579336630574e-08 7.103208129225452e-08
0.01 0.11199999999999999 0.005 0.02005 8.689999999999947e-08 -7.820000000000049e-08 3.956799999999999e-06 0.0002006595375256307 7.252699637270607e-08 7.29786790004888e-08 7.104222298741313e-08
0.01 0.11199999999999999 -0.0 0.02007 6.960000000000021e-08 -3.559999999999952e-08 3.9518e-06 0.00020086341130230763 7.24641569465851e-08 7.295544313976499e-08 7.099597445582017e-08
0.01 0.11199999999999999 -0.005 0.020059999999999998 5.909999999999943e-08 2.0400000000000973e-08 3.9576e-06 0.00020075552296263232 7.2488790601036e-08 7.298977486956289e-08 7.098582535196813e-08
0.01 0.11199999999999999 -0.01 0.02008 4.9699999999999744e-08 5.989999999999885e-08 3.993999999999998e-06 0.00020095536817910589 7.252501215625643e-08 7.298374169013709e-08 7.102971730120136e-08
0.005 0.11199999999999999 -0.01 0.02005 6.409999999999889e-08 6.010000000000182e-08 3.984699999999997e-06 0.00020065560047005914 7.248089957372754e-08 7.28657303221988e-08 7.099079238105494e-08
0.005 0.11199999999999999 -0.005 0.02001 7.650000000000018e-08 2.0200000000000773e-08 3.936499999999999e-06 0.0002002639008907996 7.256568054452918e-08 7.294872190732378e-08 7.104396778246088e-08
0.005 0.11199999999999999 0.0 0.02004 7.029999999999952e-08 -3.19999999999987e-08 3.941899999999998e-06 0.00020055961707183227 7.254609087877167e-08 7.294503619201721e-08 7.102078132728053e-08
0.005 0.11199999999999999 0.005 0.02001 8.099999999999912e-08 -8.070000000000021e-08 3.947899999999998e-06 0.00020025591127355015 7.24878539681418e-08 7.297690405619938e-08 7.098668536493645e-08
0.005 0.11199999999999999 0.01 0.02005 8.559999999999956e-08 -1.2780000000000013e-07 3.9801999999999945e-06 0.00020065166333723726 7.246002828371605e-08 7.299967833709074e-08 7.098582535196813e-08
-0.0 0.11199999999999999 0.01 0.020079999999999997 7.169999999999954e-08 -1.3739999999999862e-07 3.9823e-06 0.00020095536817910586 7.245699882230572e-08 7.300212002278412e-08 7.100967979089089e-08
-0.0 0.11199999999999999 0.005 0.020089999999999997 7.340000000000124e-08 -7.929999999999881e-08 3.9437e-06 0.00020105922013178106 7.247962130598442e-08 7.302453593623993e-08 7.10399348573861e-08
-0.0 0.11199999999999999 -0.0 0.02001 6.390000000000006e-08 -3.210000000000157e-08 3.947999999999996e-06 0.0002002639008907996 7.250034903812571e-08 7.29486816932721e-08 7.09989280102419e-08
-0.0 0.11199999999999999 -0.005 0.020089999999999997 7.410000000000055e-08 1.3299999999999423e-08 3.953000000000001e-06 0.00020105922013178106 7.255706919315658e-08 7.288172993747439e-08 7.098576719513727e-08
-0.0 0.11199999999999999 -0.01 0.02008 7.89999999999999e-08 6.800000000000139e-08 3.982000000000002e-06 0.00020095939888445128 7.255003072215415e-08 7.29727665342566e-08 7.103792725921895e-08
-0.005 0.11199999999999999 -0.01 0.020039999999999995 8.060000000000011e-08 6.540000000000157e-08 4.005600000000004e-06 0.00020055961707183225 7.241983288051806e-08 7.303368866533765e-08 7.101467811865476e-08
-0.005 0.11199999999999999 -0.005 0.0201 8.039999999999991e-08 1.6100000000002222e-08 3.955900000000001e-06 0.0002011591409804685 7.24555769695914e-08 7.303682385785512e-08 7.104704101791686e-08
-0.005 0.11199999999999999 0.0 0.02007 7.319999999999965e-08 -2.8200000000000448e-08 3.9377e-06 0.00020085544553235295 7.254384859626998e-08 7.300690110434235e-08 7.105473915975067e-08
-0.005 0.11199999999999999 0.005 0.020069999999999994 7.759999999999989e-08 -8.229999999999904e-08 3.933900000000001e-06 0.0002008515123169352 7.25408835716026e-08 7.294467901390973e-08 7.101091802273149e-08
-0.005 0.11199999999999999 0.01 0.020009999999999997 6.580000000000058e-08 -1.3709999999999834e-07 3.9762999999999995e-06 0.00020025591127355012 7.245087236068638e-08 7.303282367826122e-08 7.09989280102419e-08
-0.01 0.11199999999999999 0.01 0.02005 5.0400000000000445e-08 -1.362000000000002e-07 3.9824999999999996e-06 0.0002006595375256307 7.23730288638346e-08 7.308262457673513e-08 7.099924007040862e-08
-0.01 0.11199999999999999 0.005 0.02007 6.940000000000001e-08 -8.799999999999919e-08 3.9433e-06 0.00020085544553235295 7.25223850485968e-08 7.300012040882064e-08 7.100278768713892e-08
-0.01 0.11199999999999999 -0.0 0.020019999999999996 7.449999999999956e-08 -3.040000000000265e-08 3.942699999999999e-06 0.00020035583345637828 7.244226294187307e-08 7.296468166789775e-08 7.10065733703909e-08
-0.01 0.11199999999999999 -0.005 0.020059999999999998 8.890000000000009e-08 1.9399999999999972e-08 3.961000000000003e-06 0.0002007594580586429 7.246376054683662e-08 7.300270953205206e-08 7.100366275989043e-08
-0.01 0.11199999999999999 -0.01 0.020059999999999998 1.0040000000000049e-07 6.639999999999979e-08 4.0074e-06 0.00020076349269725307 7.257043347891051e-08 7.294937863457912e-08 7.104710938949622e-08
-0.01 0.134 -0.01 0.020079999999999997 9.239999999999942e-08 3.7729999999999986e-07 3.487600000000002e-06 0.0002009633299883339 7.248478803633179e-08 7.293267901874458e-08 7.098903041341807e-08
-0.01 0.134 -0.005 0.020139999999999995 7.650000000000018e-08 1.8479999999999885e-07 3.449599999999997e-06 0.00020155490567088657 7.240070770419462e-08 7.293774300320572e-08 7.097867811865476e-08
-0.01 0.134 0.0 0.020039999999999995 6.78999999999999e-08 6.500000000000949e-09 3.418500000000002e-06 0.00020055567805474863 7.244368071530601e-08 7.292469212041716e-08 7.104376669546279e-08
-0.01 0.134 0.005 0.02012 4.940000000000083e-08 -1.8689999999999819e-07 3.4360999999999975e-06 0.00020135898291360135 7.246970114294978e-08 7.297767833921055e-08 7.102972670429651e-08
-0.01 0.134 0.01 0.02001 5.319999999999908e-08 -3.817999999999988e-07 3.4540000000000016e-06 0.00020025591127355015 7.242649687365191e-08 7.291671075667261e-08 7.101473732341594e-08
-0.005 0.134 0.01 0.02003 6.519999999999998e-08 -3.720000000000001e-07 3.443099999999999e-06 0.00020045575571681645 7.242687507704853e-08 7.298175759766908e-08 7.098274428707707e-08
-0.005 0.134 0.005 0.0201 6.750000000000089e-08 -1.896999999999982e-07 3.416800000000003e-06 0.00020115128634935446 7.246998764230317e-08 7.297167833979584e-08 7.104407577911446e-08
-0.005 0.134 -0.0 0.020059999999999998 7.110000000000033e-08 -2.6999999999999245e-09 3.412100000000001e-06 0.0002007594580586429 7.242747746627813e-08 7.305886976330389e-08 7.102916516705705e-08
-0.005 0.134 -0.005 0.02003 7.230000000000014e-08 1.8529999999999936e-07 3.4336000000000034e-06 0.00020045575571681645 7.234485436373972e-08 7.300867898897661e-08 7.101884041355794e-08
-0.005 0.134 -0.01 0.02 8.900000000000019e-08 3.653000000000017e-07 3.4706000000000016e-06 0.00020015993605114886 7.246087125085475e-08 7.308469159797622e-08 7.106565699126551e-08
0.0 0.134 -0.01 0.0201 5.860000000000032e-08 3.616999999999981e-07 3.4820999999999992e-06 0.0002011591409804685 7.253153725653446e-08 7.291981958085223e-08 7.099951717418569e-08
0.0 0.134 -0.005 0.0201 6.550000000000028e-08 1.7940000000000178e-07 3.4339000000000007e-06 0.0002011591409804685 7.239174920578939e-08 7.296523262010288e-08 7.098270752882947e-08
0.0 0.134 0.0 0.020059999999999998 6.390000000000006e-08 -1.1500000000000399e-08 3.4242999999999966e-06 0.00020075552296263232 7.246304794263598e-08 7.294468169967248e-08 7.102468448801692e-08
0.0 0.134 0.005 0.020089999999999997 7.080000000000003e-08 -1.8720000000000125e-07 3.420899999999999e-06 0.00020105529090277627 7.245870672253972e-08 7.29237434136698e-08 7.101371936997214e-08
0.0 0.134 0.01 0.02007 8.360000000000034e-08 -3.836000000000006e-07 3.4490999999999993e-06 0.00020085937867075066 7.252616538107221e-08 7.298568361315362e-08 7.10413289919335e-08
0.005 0.134 0.01 0.02005 9.02e-08 -3.8509999999999934e-07 3.465400000000002e-06 0.0002006595375256307 7.244284439242872e-08 7.300168008286168e-08 7.103369205024285e-08
0.005 0.134 0.005 0.02004 7.89999999999999e-08 -1.90499999999999e-07 3.428700000000001e-06 0.00020055961707183227 7.254809206221782e-08 7.296768365697318e-08 7.104201782348954e-08
0.005 0.134 -0.0 0.0201 6.639999999999979e-08 -1.0999999999999898e-08 3.4269999999999966e-06 0.00020116316760281937 7.252072618431489e-08 7.294774271316248e-08 7.10413289919335e-08
0.005 0.134 -0.005 0.020039999999999995 6.010000000000043e-08 1.7129999999999924e-07 3.4402000000000043e-06 0.00020055961707183225 7.247279162237693e-08 7.2891729699888e-08 7.099692975620466e-08
0.005 0.134 -0.01 0.020089999999999997 4.849999999999993e-08 3.529000000000004e-07 3.486800000000001e-06 0.00020105922013178106 7.245980418615246e-08 7.293869248126556e-08 7.100188594821983e-08
0.01 0.134 -0.01 0.02004 3.159999999999968e-08 3.486000000000017e-07 3.5021999999999997e-06 0.0002005517389602992 7.251512152314269e-08 7.295975837511517e-08 7.09906852614208e-08
0.01 0.134 -0.005 0.02 4.4500000000000094e-08 1.6760000000000108e-07 3.4613000000000006e-06 0.00020015993605114886 7.252519844094382e-08 7.306068152290761e-08 7.101470443330532e-08
0.01 0.134 0.0 0.020039999999999995 6.509999999999987e-08 -1.4400000000000523e-08 3.443400000000002e-06 0.00020055567805474863 7.242812098524451e-08 7.293668620489344e-08 7.100044008993463e-08
0.01 0.134 0.005 0.020079999999999997 8.370000000000044e-08 -2.037000000000011e-07 3.453399999999995e-06 0.0002009592993618359 7.245679266243474e-08 7.29097438293601e-08 7.102859949258234e-08
0.01 0.134 0.01 0.020079999999999997 9.910000000000058e-08 -3.7629999999999884e-07 3.4804e-06 0.00020095536817910586 7.254613827894155e-08 7.291878771738395e-08 7.100964299953544e-08
0.01 0.156 0.01 0.020039999999999995 6.000000000000033e-08 -5.490999999999995e-07 2.3704e-06 0.00020056365573054352 7.235581215574717e-08 7.306867811865476e-08 7.098167996366693e-08
0.01 0.156 0.005 0.020089999999999997 5.150000000000016e-08 -2.6550000000000184e-07 2.3666999999999993e-06 0.00020105529090277627 7.244626159403127e-08 7.30796884605486e-08 7.102972670429651e-08
0.01 0.156 -0.0 0.02012 4.4399999999999994e-08 1.599999999999935e-08 2.373599999999998e-06 0.0002013473118767668 7.244395536133696e-08 7.301597506265135e-08 7.101670426132887e-08
0.01 0.156 -0.005 0.020090000000000004 3.6499999999999036e-08 2.894000000000008e-07 2.3880999999999984e-06 0.00020105529090277632 7.251457889197906e-08 7.295747940047743e-08 7.103805557664476e-08
0.01 0.156 -0.01 0.02008 2.969999999999917e-08 5.851000000000022e-07 2.3930000000000006e-06 0.00020095536817910589 7.24441168974987e-08 7.292792370721728e-08 7.098782428947442e-08
0.005 0.156 -0.01 0.01994 3.100000000000047e-08 5.806000000000005e-07 2.3884000000000016e-06 0.00019956041691678237 7.236786670176773e-08 7.301770434303974e-08 7.100934850553634e-08
0.005 0.156 -0.005 0.020050000000000002 3.710000000000102e-08 2.905999999999992e-07 2.3809000000000025e-06 0.00020065953752563073 7.244368533156531e-08 7.294768013027656e-08 7.101834677159165e-08
0.005 0.156 0.0 0.020059999999999998 4.4299999999999894e-08 2.3399999999998423e-08 2.363299999999996e-06 0.0002007594580586429 7.245277111272826e-08 7.287073737710115e-08 7.098769436366576e-08
0.005 0.156 0.005 0.020050000000000002 5.300000000000027e-08 -2.5579999999999767e-07 2.3596000000000007e-06 0.00020065560047005917 7.239572826627648e-08 7.298068604815632e-08 7.098470731417961e-08
0.005 0.156 0.01 0.020059999999999998 5.780000000000091e-08 -5.359000000000002e-07 2.3590999999999975e-06 0.00020075552296263232 7.25126881075283e-08 7.302374059078992e-08 7.103436006130835e-08
-0.0 0.156 0.01 0.02007 5.5299999999999794e-08 -5.17200000000001e-07 2.343999999999996e-06 0.00020085937867075066 7.249334185587498e-08 7.29979161910906e-08 7.10141546416347e-08
-0.0 0.156 0.005 0.020059999999999998 5.6699999999999806e-08 -2.46200000000002e-07 2.3459000000000007e-06 0.0002007594580586429 7.238898321606702e-08 7.298890286612811e-08 7.100181726064703e-08
-0.0 0.156 -0.0 0.020059999999999998 4.4500000000000094e-08 2.8200000000000448e-08 2.3556999999999993e-06 0.00020075552296263232 7.254597482491236e-08 7.292507645680443e-08 7.106472896246112e-08
-0.0 0.156 -0.005 0.02007 3.9000000000000144e-08 3.0389999999999864e-07 2.3636999999999965e-06 0.00020085937867075066 7.242649687365191e-08 7.294774271316248e-08 7.103003058850586e-08
-0.0 0.156 -0.01 0.02004 3.159999999999968e-08 5.818000000000018e-07 2.3830000000000016e-06 0.00020055961707183227 7.23636929401249e-08 7.297710526286213e-08 7.099818116211691e-08
-0.005 0.156 -0.01 0.02003 2.859999999999946e-08 6.008000000000013e-07 2.3656999999999984e-06 0.00020045969669736606 7.243301374216139e-08 7.28767233628729e-08 7.098969424722084e-08
-0.005 0.156 -0.005 0.020090000000000004 4.140000000000116e-08 3.127999999999992e-07 2.3531999999999998e-06 0.00020105529090277632 7.246887037207871e-08 7.294779635424268e-08 7.101909342307398e-08
-0.005 0.156 0.0 0.020089999999999997 4.360000000000058e-08 3.110000000000057e-08 2.3511000000000002e-06 0.00020105922013178106 7.247257539148311e-08 7.293667901712718e-08 7.102351034205893e-08
-0.005 0.156 0.005 0.02013 4.9599999999999643e-08 -2.355999999999997e-07 2.342099999999997e-06 0.00020145498256434364 7.235888320298134e-08 7.303267897998104e-08 7.099431521072841e-08
-0.005 0.156 0.01 0.020109999999999996 5.879999999999913e-08 -5.205999999999989e-07 2.3395e-06 0.00020125513658041127 7.24279230050935e-08 7.308373901125739e-08 7.102070392403231e-08
-0.01 0.156 0.01 0.020090000000000004 5.929999999999963e-08 -5.20699999999999e-07 2.333999999999997e-06 0.00020105529090277632 7.24449820135936e-08 7.30561098486354e-08 7.101562401549549e-08
-0.01 0.156 0.005 0.02005 4.849999999999993e-08 -2.2810000000000051e-07 2.3336000000000025e-06 0.00020065560047005914 7.241180774334537e-08 7.296175830381032e-08 7.098367995015044e-08
-0.01 0.156 -0.0 0.020019999999999996 3.9699999999999456e-08 4.22999999999979e-08 2.344999999999997e-06 0.0002003518904328082 7.24361189318964e-08 7.300568879401119e-08 7.098567993683056e-08
-0.01 0.156 -0.005 0.020120000000000002 3.8699999999999844e-08 3.2490000000000016e-07 2.347900000000003e-06 0.00020135505953414732 7.245648280417946e-08 7.299467811865475e-08 7.104448644689118e-08
-0.01 0.156 -0.01 0.02005 3.26999999999994e-08 6.149000000000015e-07 2.3627999999999984e-06 0.00020065560047005914 7.240013069271536e-08 7.298967833804923e-08 7.102813362734849e-08
-0.01 0.179 -0.01 0.02005 -2.449999999999952e-08 4.682999999999993e-07 1.123099999999999e-06 0.00020066357417329134 7.235867933224655e-08 7.291267902691978e-08 7.101791418424602e-08
-0.01 0.179 -0.005 0.020050000000000002 8.999999999995123e-10 2.575000000000022e-07 1.154700000000003e-06 0.00020065953752563073 7.235576595825482e-08 7.291467902609559e-08 7.098674332834261e-08
-0.01 0.179 0.0 0.020059999999999998 2.349999999999991e-08 5.0400000000000445e-08 1.1484999999999967e-06 0.00020075552296263232 7.248025038335604e-08 7.292775953348823e-08 7.104360754060482e-08
-0.01 0.179 0.005 0.020089999999999997 3.4599999999999906e-08 -1.5479999999999937e-07 1.1475999999999986e-06 0.00020105922013178106 7.239267930771498e-08 7.29356837366252e-08 7.102276144086214e-08
-0.01 0.179 0.01 0.02008 5.249999999999977e-08 -3.6149999999999794e-07 1.117499999999999e-06 0.00020095929936183595 7.238367841751905e-08 7.291617896880195e-08 7.099788884268852e-08
-0.005 0.179 0.01 0.02005 3.9200000000000344e-08 -3.733999999999987e-07 1.1388999999999983e-06 0.0002006595375256307 7.244409209113797e-08 7.298968009320414e-08 7.102380748489178e-08
-0.005 0.179 0.005 0.020009999999999997 2.879999999999966e-08 -1.584000000000002e-07 1.1609000000000036e-06 0.0002002599560571209 7.242914545904852e-08 7.301472065298437e-08 7.103668425356636e-08
-0.005 0.179 -0.0 0.020090000000000004 1.9699999999998886e-08 4.589999999999872e-08 1.1738999999999999e-06 0.00020105922013178112 7.241868280248908e-08 7.293283022865983e-08 7.100278768713892e-08
-0.005 0.179 -0.005 0.02007 1.1599999999999111e-08 2.5169999999999916e-07 1.163799999999998e-06 0.00020085947824287508 7.228868318835511e-08 7.311367832672799e-08 7.100284930135422e-08
-0.005 0.179 -0.01 0.020050000000000002 -4.600000000000437e-09 4.713999999999996e-07 1.1344999999999995e-06 0.00020065560047005917 7.238873652049899e-08 7.302068158185562e-08 7.099781919896198e-08
0.0 0.179 -0.01 0.019989999999999997 1.4800000000000923e-08 4.618000000000011e-07 1.1390999999999985e-06 0.0002000600159952008 7.235479976865515e-08 7.305642021871606e-08 7.100292458997648e-08
0.0 0.179 -0.005 0.020059999999999998 7.199999999998874e-09 2.496999999999999e-07 1.1841999999999964e-06 0.00020075552296263232 7.236867811865476e-08 7.305669175885381e-08 7.09977634718165e-08
0.0 0.179 0.0 0.020089999999999997 1.609999999999945e-08 3.9900000000001045e-08 1.1872999999999967e-06 0.00020105922013178106 7.244991990748114e-08 7.305367833205637e-08 7.103268432977498e-08
0.0 0.179 0.005 0.02005 2.1100000000000285e-08 -1.7119999999999912e-07 1.1794999999999999e-06 0.00020065560047005914 7.249429803332268e-08 7.303667897849982e-08 7.105038387368402e-08
0.0 0.179 0.01 0.02004 1.6499999999999847e-08 -3.783999999999982e-07 1.151000000000002e-06 0.00020055567805474865 7.248727373949817e-08 7.303470909951538e-08 7.102769231392052e-08
0.005 0.179 0.01 0.02003 1.2600000000000111e-08 -3.816000000000014e-07 1.142800000000005e-06 0.00020045969669736606 7.246636203098066e-08 7.298455102627295e-08 7.103498044673768e-08
0.005 0.179 0.005 0.020039999999999995 1.609999999999945e-08 -1.799999999999996e-07 1.1803000000000008e-06 0.00020055961707183225 7.239171410875134e-08 7.301568874769749e-08 7.099382119202934e-08
0.005 0.179 -0.0 0.02003 2.5400000000000423e-08 3.730000000000122e-08 1.1849999999999971e-06 0.00020045969669736606 7.237672133538114e-08 7.30198602249426e-08 7.098667811865475e-08
0.005 0.179 -0.005 0.0201 2.889999999999976e-08 2.464999999999995e-07 1.1723000000000038e-06 0.0002011591409804685 7.24416922722653e-08 7.287483430525498e-08 7.099274194121979e-08
0.005 0.179 -0.01 0.020059999999999998 2.5300000000000323e-08 4.5649999999999856e-07 1.150699999999999e-06 0.0002007594580586429 7.243290574588642e-08 7.294971585839922e-08 7.099372228481969e-08
0.01 0.179 -0.01 0.020120000000000002 4.050000000000026e-08 4.5780000000000263e-07 1.141599999999998e-06 0.00020135898291360137 7.249247496453815e-08 7.29697155242769e-08 7.101870409158562e-08
0.01 0.179 -0.005 0.020089999999999997 3.140000000000087e-08 2.4109999999999964e-07 1.1761999999999994e-06 0.00020105529090277627 7.259749554490457e-08 7.285341001975671e-08 7.119832553226422e-08
0.01 0.179 0.0 0.02005 2.370000000000011e-08 2.9600000000001847e-08 1.179199999999997e-06 0.00020065560047005914 7.28510902285065e-08 7.280070204196282e-08 7.134879096134013e-08
0.01 0.179 0.005 0.02005 1.629999999999965e-08 -1.795000000000019e-07 1.1583999999999983e-06 0.0002006595375256307 7.284888858537687e-08 7.285908869394059e-08 7.133959782736168e-08
0.01 0.179 0.01 0.02004 -2.6999999999999245e-09 -3.9660000000000253e-07 1.1443000000000036e-06 0.0002005597167927797 7.283368023829572e-08 7.287075311735272e-08 7.132639883456417e-08
0.01 0.201 0.01 0.02004 -7.800000000000862e-09 -1.7400000000000193e-07 4.84699999999999e-07 0.0002005597167927797 7.276669368279819e-08 7.290069273047816e-08 7.13126963908027e-08
0.01 0.201 0.005 0.020089999999999997 8.000000000008001e-10 -8.229999999999904e-08 5.093000000000014e-07 0.00020105529090277627 7.277868198712309e-08 7.28880219132816e-08 7.132655148226127e-08
0.01 0.201 -0.0 0.020019999999999996 4.099999999999937e-09 2.0500000000001074e-08 5.213999999999997e-07 0.00020035977640235075 7.277168418366282e-08 7.281068192817511e-08 7.131473109646382e-08
0.01 0.201 -0.005 0.020090000000000004 1.6700000000000047e-08 1.2510000000000021e-07 5.059999999999953e-07 0.00020105136159698103 7.271268710964356e-08 7.293172877093624e-08 7.133556530847384e-08
0.01 0.201 -0.01 0.020050000000000002 1.9800000000000373e-08 2.0799999999999985e-07 4.918000000000034e-07 0.00020065560047005917 7.272071393923109e-08 7.286233097169588e-08 7.130616111589313e-08
0.005 0.201 -0.01 0.02011 1.8899999999999474e-08 2.2420000000000218e-07 4.865000000000009e-07 0.0002012551365804113 7.280081591315539e-08 7.290267903106333e-08 7.135167889868548e-08
0.005 0.201 -0.005 0.020050000000000002 1.16000000000005e-08 1.2699999999999932e-07 5.106999999999973e-07 0.00020065953752563073 7.278973223050466e-08 7.277370744467027e-08 7.133367892122246e-08
0.005 0.201 0.0 0.019989999999999997 7.600000000000662e-09 1.899999999999957e-08 5.245e-07 0.0002000601159651768 7.278873971543191e-08 7.272069403898972e-08 7.131004611913527e-08
0.005 0.201 0.005 0.020079999999999997 2.399999999999625e-09 -7.510000000000016e-08 5.123999999999961e-07 0.00020095536817910586 7.282331817318369e-08 7.280870195074057e-08 7.134420791274499e-08
0.005 0.201 0.01 0.020050000000000002 4.400000000000237e-09 -1.797999999999994e-07 4.904000000000019e-07 0.00020065953752563073 7.282255927061384e-08 7.287088644194211e-08 7.134500453305038e-08
-0.0 0.201 0.01 0.02004 1.0200000000000487e-08 -1.7690000000000207e-07 4.979999999999985e-07 0.00020055567805474865 7.269668214684805e-08 7.291781970903812e-08 7.128076583120433e-08
-0.0 0.201 0.005 0.020009999999999997 1.3600000000001111e-08 -7.190000000000252e-08 5.064000000000013e-07 0.0002002519662824812 7.276968030418056e-08 7.287271142089596e-08 7.1308948960331e-08
-0.0 0.201 -0.0 0.020059999999999998 6.8000000000012495e-09 2.5100000000000122e-08 5.219000000000029e-07 0.00020075955768032565 7.276783003331735e-08 7.284380211880103e-08 7.127567900360981e-08
-0.0 0.201 -0.005 0.02007 3.899999999999737e-09 1.2800000000000033e-07 5.14199999999998e-07 0.00020085544553235295 7.280871243677255e-08 7.273037364026191e-08 7.128772057809774e-08
-0.0 0.201 -0.01 0.020009999999999997 3.199999999999037e-09 2.2940000000000183e-07 4.886000000000002e-07 0.00020025985618690528 7.27757480932561e-08 7.274868695082403e-08 7.130412398813234e-08
-0.005 0.201 -0.01 0.020109999999999996 -7.400000000000462e-09 2.274999999999999e-07 4.830000000000001e-07 0.00020125513658041127 7.28468129458602e-08 7.275471334340016e-08 7.133888986639592e-08
-0.005 0.201 -0.005 0.020079999999999997 -7.000000000007001e-10 1.2949999999999906e-07 5.07599999999997e-07 0.0002009592993618359 7.281327270630117e-08 7.277714660377618e-08 7.130178047865682e-08
-0.005 0.201 0.0 0.020039999999999995 6.30000000000075e-09 2.9400000000001646e-08 5.148000000000042e-07 0.00020055961707183225 7.275068204021961e-08 7.277868198712309e-08 7.13308845359063e-08
-0.005 0.201 0.005 0.020089999999999997 1.4300000000000424e-08 -7.749999999999979e-08 5.087999999999981e-07 0.00020105922013178106 7.27868924621174e-08 7.285667811865476e-08 7.131089141407564e-08
-0.005 0.201 0.01 0.0201 1.8899999999999474e-08 -1.6619999999999968e-07 4.863000000000006e-07 0.0002011591409804685 7.284877166197787e-08 7.284473809906768e-08 7.135380174596136e-08
-0.01 0.201 0.01 0.02005 2.6199999999999834e-08 -1.687999999999995e-07 4.842999999999986e-07 0.00020065560047005914 7.272769819788055e-08 7.28677172930788e-08 7.129250455325532e-08
-0.01 0.201 0.005 0.020059999999999998 1.4999999999999737e-08 -7.379999999999886e-08 5.035000000000012e-07 0.00020075552296263232 7.267581271964269e-08 7.294111215713247e-08 7.125271132796947e-08
-0.01 0.201 -0.0 0.01996 4.500000000000337e-09 3.399999999999792e-08 5.042999999999964e-07 0.0001997563015276364 7.272945497606125e-08 7.300069209241126e-08 7.126198928306194e-08
-0.01 0.201 -0.005 0.02004 -7.3000000000003615e-09 1.2850000000000084e-07 4.996999999999974e-07 0.00020055567805474865 7.28330753482044e-08 7.280098814350753e-08 7.135033583962747e-08
-0.01 0.201 -0.01 0.020079999999999997 -2.0799999999999984e-08 2.2739999999999983e-07 4.76800000000005e-07 0.0002009592993618359 7.282268664136484e-08 7.271205814253828e-08 7.132246402892076e-08
0.0 0.0 0.0 0.02005 2.9999999999891226e-10 9.999999999998898e-09 3.8920000000000065e-07 0.00020065560047005914 7.301791412738902e-08 7.287868180868851e-08 7.130368570713909e-08
