-0.01 0.0 -0.01 0.05028 1.2399999999999911e-08 -8.620000000000016e-08 1.9199999999999772e-07 0.0005028636395684222 7.415172011200502e-08 7.389875402741226e-08 7.196634766116983e-08
-0.01 0.0 -0.005 0.05023999999999999 1.6499999999999847e-08 -4.5100000000000695e-08 1.9879999999999897e-07 0.0005024636902304484 7.424890055372014e-08 7.392700708192951e-08 7.210188766433794e-08
-0.01 0.0 0.0 0.05029 2.1400000000000585e-08 -1.0100000000001775e-08 2.0729999999999916e-07 0.0005029652373673552 7.42248665029051e-08 7.3944767171232e-08 7.207174020393963e-08
-0.01 0.0 0.005 0.0502 2.950000000000036e-08 2.680000000000182e-08 2.012999999999987e-07 0.0005020637409731955 7.418376809733368e-08 7.379878757267352e-08 7.202711117809987e-08
-0.01 0.0 0.01 0.0502 3.3099999999999793e-08 6.779999999999842e-08 1.939000000000024e-07 0.0005020637409731955 7.413268746989855e-08 7.376167828253546e-08 7.20647017521265e-08
-0.005 0.0 0.01 0.05019 2.7200000000000836e-08 6.680000000000019e-08 2.0299999999999762e-07 0.0005019637536715176 7.426860026507674e-08 7.383493419010601e-08 7.206793712120364e-08
-0.005 0.0 0.005 0.05019 2.420000000000061e-08 3.029999999999977e-08 2.0919999999999827e-07 0.0005019653673312532 7.426804371695922e-08 7.383717967790593e-08 7.208164128373251e-08
-0.005 0.0 -0.0 0.05019 2.6599999999998845e-08 -4.400000000001625e-09 2.0000000000000018e-07 0.0005019653673312532 7.418668329701684e-08 7.385668066156537e-08 7.19586845288947e-08
-0.005 0.0 -0.005 0.050219999999999994 1.9700000000000272e-08 -5.0300000000000345e-08 2.0680000000000143e-07 0.0005022637155917197 7.48537129966156e-08 7.348317194191208e-08 7.215580302675094e-08
-0.005 0.0 -0.01 0.05023999999999999 1.6700000000000047e-08 -7.800000000000029e-08 1.9099999999999672e-07 0.0005024653022846452 7.498799176158533e-08 7.369317438856022e-08 7.218225006728656e-08
0.0 0.0 -0.01 0.05019 2.360000000000001e-08 -7.709999999999939e-08 1.9259999999999832e-07 0.0005019653673312532 7.472369319462943e-08 7.367868418333859e-08 7.221293908133733e-08
0.0 0.0 -0.005 0.050219999999999994 2.3899999999998924e-08 -4.809999999999814e-08 2.0649999999999836e-07 0.0005022621427103579 7.47397973772521e-08 7.372014484882473e-08 7.212282896045602e-08
0.0 0.0 0.0 0.0502 2.8500000000000748e-08 5.000000000005001e-10 1.9939999999999958e-07 0.0005020653543115678 7.480078154033006e-08 7.361676070523072e-08 7.223170474564062e-08
0.0 0.0 0.005 0.0502 2.259999999999901e-08 3.210000000000157e-08 2.1240000000000148e-07 0.0005020669676447556 7.420142073305645e-08 7.383496043624387e-08 7.204725957894814e-08
0.0 0.0 0.01 0.05025999999999999 2.6100000000001124e-08 7.000000000000061e-08 2.0280000000000298e-07 0.0005026636648893572 7.415168988846898e-08 7.380770540300341e-08 7.202969669320176e-08
0.005 0.0 0.01 0.05018999999999999 2.1899999999999696e-08 7.759999999999989e-08 1.9779999999999797e-07 0.0005019637536715175 7.426584393757235e-08 7.386704311655979e-08 7.202668419766807e-08
0.005 0.0 0.005 0.050249999999999996 2.299999999999941e-08 3.4200000000000895e-08 2.0649999999999836e-07 0.0005025652892908542 7.42898615450804e-08 7.392264978727202e-08 7.205794869281572e-08
0.005 0.0 -0.0 0.05026 2.5100000000000122e-08 -2.399999999999625e-09 2.0640000000000103e-07 0.0005026636648893573 7.411374291380633e-08 7.386870091781248e-08 7.206663755757614e-08
0.005 0.0 -0.005 0.05028 1.9799999999998986e-08 -3.9600000000000745e-08 2.1150000000000334e-07 0.0005028636395684222 7.508061221426764e-08 7.366885897857526e-08 7.219686585915056e-08
0.005 0.0 -0.01 0.0502 2.8500000000000748e-08 -7.969999999999921e-08 1.9299999999999872e-07 0.0005020653543115678 7.504778890810896e-08 7.356380587604664e-08 7.224468985263856e-08
0.01 0.0 -0.01 0.050230000000000004 3.23999999999991e-08 -7.159999999999944e-08 1.8739999999999867e-07 0.00050236370290856 7.485670175582809e-08 7.358768246345509e-08 7.208500559054783e-08
0.01 0.0 -0.005 0.0502 3.070000000000017e-08 -3.529999999999922e-08 1.9500000000000073e-07 0.0005020621674653449 7.46467233419722e-08 7.366253211233398e-08 7.214106967343967e-08
0.01 0.0 0.0 0.05023 2.469999999999972e-08 -4.399999999998849e-09 2.0660000000000123e-07 0.0005023653152836091 7.408410367734136e-08 7.391584800494784e-08 7.211379251171044e-08
0.01 0.0 0.005 0.05019999999999999 2.1999999999999797e-08 4.26999999999983e-08 2.008999999999983e-07 0.0005020621674653447 7.426528076874098e-08 7.388802575465558e-08 7.207943375791255e-08
0.01 0.0 0.01 0.05019 2.6199999999999834e-08 7.550000000000056e-08 1.8870000000000274e-07 0.0005019653673312532 7.424593963656259e-08 7.381400439863242e-08 7.206993232593167e-08
0.01 0.033 0.01 0.05023999999999999 3.159999999999968e-08 2.3910000000000044e-07 6.687999999999972e-07 0.0005024636902304484 7.422090603148321e-08 7.394025425183385e-08 7.20446796179043e-08
0.01 0.033 0.005 0.050179999999999995 4.139999999999977e-08 9.919999999999929e-08 6.985999999999992e-07 0.0005018653803561269 7.427996180029173e-08 7.388878447307401e-08 7.208537081158653e-08
0.01 0.033 -0.0 0.05032 5.980000000000013e-08 -3.4800000000001496e-08 6.944000000000006e-07 0.0005032668477060653 7.432772802154523e-08 7.392974661745996e-08 7.206515587779295e-08
0.01 0.033 -0.005 0.0502 6.069999999999964e-08 -1.6800000000000148e-07 6.911999999999974e-07 0.0005020637409731955 7.499267811865476e-08 7.347709457320386e-08 7.224673606027024e-08
0.01 0.033 -0.01 0.05026999999999999 8.319999999999994e-08 -3.034000000000009e-07 6.475999999999981e-07 0.0005027620809090517 7.486767920116604e-08 7.354367970707648e-08 7.229774900554041e-08
0.005 0.033 -0.01 0.05026 6.629999999999969e-08 -3.1200000000000115e-07 6.562000000000012e-07 0.0005026620932594778 7.500899267205822e-08 7.363019622957649e-08 7.237079919857634e-08
0.005 0.033 -0.005 0.0502 6.459999999999937e-08 -1.7780000000000018e-07 6.853999999999971e-07 0.0005020621674653449 7.425303100903708e-08 7.386478528233832e-08 7.215038156033989e-08
0.005 0.033 0.0 0.05028 5.259999999999987e-08 -4.869999999999874e-08 7.120999999999989e-07 0.0005028636793406341 7.426968500260427e-08 7.378568218369272e-08 7.213797276237763e-08
0.005 0.033 0.005 0.05027999999999999 4.649999999999932e-08 9.779999999999788e-08 7.074000000000024e-07 0.0005028652503404863 7.43692379445972e-08 7.392784737127421e-08 7.21763554364843e-08
0.005 0.033 0.01 0.05023999999999999 5.249999999999977e-08 2.2970000000000212e-07 6.738000000000021e-07 0.0005024621179750768 7.437677577147308e-08 7.393225568252001e-08 7.217785840750817e-08
-0.0 0.033 0.01 0.0502 5.269999999999997e-08 2.1819999999999895e-07 6.933000000000022e-07 0.0005020637409731955 7.427867867919284e-08 7.385501461464242e-08 7.208217729838474e-08
-0.0 0.033 0.005 0.05027 5.369999999999958e-08 9.019999999999861e-08 7.068999999999992e-07 0.0005027636522263717 7.437778269856518e-08 7.394196424030972e-08 7.212236151092088e-08
-0.0 0.033 -0.0 0.05022 4.869999999999874e-08 -5.249999999999977e-08 7.148999999999961e-07 0.0005022653282877488 7.4299728410863e-08 7.388570473271644e-08 7.214397152895148e-08
-0.0 0.033 -0.005 0.05023999999999999 5.1299999999999956e-08 -1.8820000000000225e-07 6.919000000000008e-07 0.0005024653022846452 7.43397278565338e-08 7.377685652181398e-08 7.204477406722817e-08
-0.0 0.033 -0.01 0.05026 5.0599999999999255e-08 -3.1740000000000103e-07 6.550999999999973e-07 0.0005026652763022327 7.435674449215922e-08 7.388474113000157e-08 7.199976539265912e-08
-0.005 0.033 -0.01 0.0502 2.7699999999999947e-08 -3.265999999999991e-07 6.55599999999995e-07 0.0005020621674653449 7.472272647329856e-08 7.364137428168497e-08 7.222525066561313e-08
-0.005 0.033 -0.005 0.050179999999999995 3.739999999999993e-08 -1.9539999999999835e-07 6.910000000000027e-07 0.0005018621922400611 7.507130215656493e-08 7.348517086508607e-08 7.217968662782004e-08
-0.005 0.033 0.0 0.050249999999999996 4.760000000000042e-08 -5.780000000000229e-08 7.053000000000031e-07 0.0005025636775573818 7.491577811746573e-08 7.35256825591486e-08 7.217267811865476e-08
-0.005 0.033 0.005 0.05023999999999999 5.430000000000018e-08 7.429999999999936e-08 7.113000000000036e-07 0.0005024653022846452 7.467038012764483e-08 7.368034645030394e-08 7.225538844748667e-08
-0.005 0.033 0.01 0.050219999999999994 6.120000000000014e-08 2.151000000000014e-07 6.894000000000011e-07 0.0005022653282877487 7.432866872118539e-08 7.378385530196196e-08 7.226627253880417e-08
-0.01 0.033 0.01 0.05027 7.069999999999993e-08 2.0499999999999963e-07 6.782999999999983e-07 0.0005027652633187779 7.423589385673378e-08 7.375486799446736e-08 7.214936988550407e-08
-0.01 0.033 0.005 0.05019 5.5999999999999105e-08 6.450000000000066e-08 6.998000000000004e-07 0.0005019653673312532 7.42426803836597e-08 7.380168216265081e-08 7.210370719229248e-08
-0.01 0.033 -0.0 0.05023999999999999 4.220000000000057e-08 -6.549999999999889e-08 6.985000000000019e-07 0.0005024653022846452 7.436183738661336e-08 7.379080538875253e-08 7.223686683568814e-08
-0.01 0.033 -0.005 0.050249999999999996 2.429999999999932e-08 -2.005000000000007e-07 6.809999999999982e-07 0.0005025621056148184 7.430756176981725e-08 7.379756522381426e-08 7.223770464101774e-08
-0.01 0.033 -0.01 0.05021 1.0200000000000487e-08 -3.301999999999999e-07 6.411e-07 0.0005021653412970673 7.421877446852886e-08 7.364249018630166e-08 7.221078611476704e-08
-0.01 0.067 -0.01 0.050249999999999996 8.839999999999959e-08 -9.39000000000001e-07 2.3417999999999993e-06 0.0005025636775573818 7.414602759141586e-08 7.374472030689144e-08 7.227079413998137e-08
-0.01 0.067 -0.005 0.05023999999999999 1.0750000000000065e-07 -5.649999999999988e-07 2.3741999999999984e-06 0.0005024637300343179 7.435330931052692e-08 7.379961321023568e-08 7.217927881319361e-08
-0.01 0.067 0.0 0.050219999999999994 1.2640000000000013e-07 -1.990999999999993e-07 2.386700000000003e-06 0.0005022653282877487 7.439958961122272e-08 7.38138097626557e-08 7.214004161336141e-08
-0.01 0.067 0.005 0.0502 1.4340000000000048e-07 1.5560000000000018e-07 2.387e-06 0.0005020653543115678 7.4247752898752e-08 7.394368569674671e-08 7.208351751202895e-08
-0.01 0.067 0.01 0.05023999999999999 1.5809999999999991e-07 5.197999999999981e-07 2.3731999999999975e-06 0.0005024636902304484 7.433647072165896e-08 7.398828364708553e-08 7.220188769480427e-08
-0.005 0.067 0.01 0.050249999999999996 1.5119999999999995e-07 5.347999999999992e-07 2.379899999999996e-06 0.0005025636775573818 7.434611179292253e-08 7.394571753108856e-08 7.222386812655199e-08
-0.005 0.067 0.005 0.05033 1.4100000000000085e-07 1.6909999999999981e-07 2.4021000000000015e-06 0.0005033651855263731 7.424767939091916e-08 7.395867811865476e-08 7.209770731805902e-08
-0.005 0.067 -0.0 0.050159999999999996 1.3110000000000066e-07 -1.7780000000000018e-07 2.3995000000000043e-06 0.0005016654064214513 7.490078551584639e-08 7.370567962115855e-08 7.218729113498639e-08
-0.005 0.067 -0.005 0.05022 1.1940000000000005e-07 -5.407999999999997e-07 2.3900000000000034e-06 0.0005022637155917199 7.510769733626116e-08 7.381684295652154e-08 7.22720704460344e-08
-0.005 0.067 -0.01 0.05027 1.0040000000000049e-07 -9.143999999999985e-07 2.3716000000000016e-06 0.0005027636522263717 7.503165763723617e-08 7.378454506437638e-08 7.223666959962704e-08
0.0 0.067 -0.01 0.05027 1.322999999999991e-07 -8.809000000000012e-07 2.357899999999996e-06 0.0005027636522263717 7.42956816054034e-08 7.383467875885955e-08 7.210670104110267e-08
0.0 0.067 -0.005 0.050249999999999996 1.3319999999999998e-07 -5.176999999999988e-07 2.3928000000000006e-06 0.0005025652892908542 7.258368052121595e-08 7.332880722165943e-08 7.117667811865476e-08
0.0 0.067 0.0 0.05023999999999999 1.3959999999999945e-07 -1.590000000000008e-07 2.4012000000000034e-06 0.0005024669143336702 7.436299354862518e-08 7.409872593413789e-08 7.2085835564186e-08
0.0 0.067 0.005 0.050219999999999994 1.4209999999999916e-07 1.984999999999987e-07 2.3975999999999997e-06 0.0005022653282877487 7.432567936346782e-08 7.409868047992902e-08 7.201869188005026e-08
0.0 0.067 0.01 0.050249999999999996 1.4520000000000088e-07 5.493999999999999e-07 2.3859999999999993e-06 0.0005025637173533322 7.430571831314494e-08 7.399986434019953e-08 7.205568369485138e-08
0.005 0.067 0.01 0.050159999999999996 1.3179999999999998e-07 5.749000000000004e-07 2.3801000000000016e-06 0.0005016654064214513 7.445957502307878e-08 7.410270701004115e-08 7.211870084574406e-08
0.005 0.067 0.005 0.05018999999999999 1.3790000000000051e-07 2.1660000000000013e-07 2.396699999999996e-06 0.0005019637536715175 7.431689996429875e-08 7.399975853725203e-08 7.20877220540468e-08
0.005 0.067 -0.0 0.05021 1.4009999999999994e-07 -1.4399999999999967e-07 2.4046999999999983e-06 0.0005021653412970673 7.418312970219051e-08 7.39657225115932e-08 7.22146841026854e-08
0.005 0.067 -0.005 0.05020999999999999 1.4869999999999884e-07 -4.928000000000016e-07 2.379500000000001e-06 0.0005021653412970672 7.432126394369756e-08 7.406780337696729e-08 7.218264143341502e-08
0.005 0.067 -0.01 0.05020999999999999 1.487000000000002e-07 -8.672000000000013e-07 2.3629999999999984e-06 0.0005021637282799305 7.258135286323223e-08 7.343076819069281e-08 7.120169339336625e-08
0.01 0.067 -0.01 0.05027 1.7240000000000033e-07 -8.557000000000009e-07 2.347100000000002e-06 0.0005027636522263717 7.425068320339687e-08 7.391492779681656e-08 7.208904962155228e-08
0.01 0.067 -0.005 0.05027999999999999 1.59200000000001e-07 -4.748000000000002e-07 2.3699999999999998e-06 0.0005028636395684222 7.441567636426838e-08 7.398767949186167e-08 7.210211263022906e-08
0.01 0.067 0.0 0.05026 1.457e-07 -1.212999999999992e-07 2.3865000000000025e-06 0.0005026637046773916 7.437550826478704e-08 7.40567074072295e-08 7.204178667921622e-08
0.01 0.067 0.005 0.05026999999999999 1.3259999999999937e-07 2.3909999999999763e-07 2.385599999999999e-06 0.0005027636522263716 7.43539318841781e-08 7.39779610877286e-08 7.209914489895597e-08
0.01 0.067 0.01 0.05020999999999999 1.1410000000000031e-07 6.025000000000003e-07 2.373599999999998e-06 0.0005021653412970672 7.422589447046014e-08 7.393281778043231e-08 7.21690395279083e-08
0.01 0.1 0.01 0.05027 2.7490000000000017e-07 4.5530000000000017e-07 4.712299999999997e-06 0.0005027620809090518 7.354479067816964e-08 7.359913376138151e-08 7.176614010281146e-08
0.01 0.1 0.005 0.05018999999999999 2.535999999999997e-07 2.0529999999999994e-07 4.666999999999999e-06 0.0005019653673312532 7.406972143483869e-08 7.38268928095899e-08 7.206325861533509e-08
0.01 0.1 -0.0 0.050249999999999996 2.3950000000000084e-07 -5.5700000000000194e-08 4.661499999999996e-06 0.0005025652892908542 7.4387476998115e-08 7.403401048241256e-08 7.205870185731814e-08
0.01 0.1 -0.005 0.050219999999999994 2.2389999999999909e-07 -3.068000000000015e-07 4.691300000000004e-06 0.0005022653282877487 7.430971826847248e-08 7.394071774689464e-08 7.207169612000521e-08
0.01 0.1 -0.01 0.05023999999999999 2.0929999999999976e-07 -5.626999999999993e-07 4.758699999999999e-06 0.0005024636902304484 7.447268423241906e-08 7.398270012347074e-08 7.207878410870085e-08
0.005 0.1 -0.01 0.0502 2.2849999999999954e-07 -5.780000000000008e-07 4.7504000000000045e-06 0.0005020637409731955 7.447465580190423e-08 7.426007384187301e-08 7.209485224064953e-08
0.005 0.1 -0.005 0.05022 2.3929999999999924e-07 -3.147000000000011e-07 4.676900000000001e-06 0.0005022653282877488 7.35398903765103e-08 7.384850475503861e-08 7.17294558176647e-08
0.005 0.1 0.0 0.050249999999999996 2.449999999999994e-07 -6.359999999999976e-08 4.6493000000000005e-06 0.0005025636775573818 7.42218707935161e-08 7.349927956023798e-08 7.1819280842808e-08
0.005 0.1 0.005 0.05024000000000001 2.4380000000000095e-07 1.8660000000000065e-07 4.667700000000003e-06 0.0005024636902304485 7.503282804664198e-08 7.394087873161985e-08 7.223476210584182e-08
0.005 0.1 0.01 0.0502 2.701000000000009e-07 4.474000000000006e-07 4.6843999999999996e-06 0.0005020653543115678 7.46426603159695e-08 7.406855631775609e-08 7.221686934157434e-08
-0.0 0.1 0.01 0.05019 2.5379999999999985e-07 4.3060000000000043e-07 4.689199999999999e-06 0.0005019653673312532 7.43076949381873e-08 7.41447619848409e-08 7.211593752531247e-08
-0.0 0.1 0.005 0.05023 2.506999999999995e-07 1.779000000000003e-07 4.651100000000003e-06 0.00050236370290856 7.429630498156172e-08 7.42560167484615e-08 7.230780553999597e-08
-0.0 0.1 -0.0 0.050289999999999994 2.512e-07 -7.440000000000224e-08 4.647099999999998e-06 0.0005029636666798109 7.341701327897766e-08 7.390785750054749e-08 7.179164897857652e-08
-0.0 0.1 -0.005 0.05023999999999999 2.489000000000005e-07 -3.3339999999999757e-07 4.682399999999998e-06 0.0005024636902304484 7.423587229770363e-08 7.42047748545795e-08 7.22157980474312e-08
-0.0 0.1 -0.01 0.050249999999999996 2.6069999999999984e-07 -5.803000000000003e-07 4.729700000000003e-06 0.0005025652892908542 7.434773874503975e-08 7.422372949886541e-08 7.216655998199395e-08
-0.005 0.1 -0.01 0.0503 2.7490000000000017e-07 -5.952000000000013e-07 4.752e-06 0.0005030636142676192 7.444950921941339e-08 7.404209973712337e-08 7.223793513697223e-08
-0.005 0.1 -0.005 0.050249999999999996 2.6410000000000047e-07 -3.4770000000000076e-07 4.689599999999999e-06 0.0005025636775573818 7.426772886330263e-08 7.406081244431993e-08 7.211872925408983e-08
-0.005 0.1 0.0 0.05027 2.576999999999996e-07 -8.430000000000104e-08 4.647999999999997e-06 0.0005027652633187779 7.408318134326404e-08 7.401813031029714e-08 7.216014974652472e-08
-0.005 0.1 0.005 0.05026 2.471999999999988e-07 1.6390000000000016e-07 4.659600000000003e-06 0.0005026620932594778 7.350235754151118e-08 7.378867259558288e-08 7.184086836812606e-08
-0.005 0.1 0.01 0.05024000000000001 2.463999999999994e-07 4.1660000000000033e-07 4.687399999999997e-06 0.0005024636902304485 7.433370226983013e-08 7.414947441968801e-08 7.218370561330651e-08
-0.01 0.1 0.01 0.05021 2.3480000000000028e-07 4.077000000000025e-07 4.6983000000000055e-06 0.0005021637282799306 7.418926691297926e-08 7.416138819050953e-08 7.216159782697772e-08
-0.01 0.1 0.005 0.05027 2.5030000000000054e-07 1.5109999999999846e-07 4.666100000000001e-06 0.0005027636920064933 7.439083572397549e-08 7.431209811637788e-08 7.218573540567788e-08
-0.01 0.1 -0.0 0.0502 2.667000000000003e-07 -1.0220000000000229e-07 4.663800000000001e-06 0.0005020637808087734 7.420989545971832e-08 7.421768510467574e-08 7.21672837619227e-08
-0.01 0.1 -0.005 0.050219999999999994 2.811000000000008e-07 -3.5399999999999875e-07 4.698800000000003e-06 0.0005022653282877487 7.239812885867653e-08 7.35107238325673e-08 7.11961675624123e-08
-0.01 0.1 -0.01 0.05014 3.007999999999997e-07 -6.138000000000005e-07 4.773899999999998e-06 0.0005014638172390905 7.421470608657967e-08 7.411578516543023e-08 7.214777867185206e-08
-0.01 0.133 -0.01 0.0502 3.0050000000000077e-07 -1.599999999999935e-08 5.561099999999997e-06 0.0005020653543115678 7.436476213520392e-08 7.406727460914926e-08 7.223720227503094e-08
-0.01 0.133 -0.005 0.0503 2.9870000000000037e-07 7.399999999999074e-09 5.527799999999999e-06 0.0005030636142676192 7.433833438682571e-08 7.407041441783063e-08 7.213079219857933e-08
-0.01 0.133 0.0 0.050219999999999994 2.930000000000002e-07 4.869999999999874e-08 5.509900000000001e-06 0.0005022637155917197 7.428469826409322e-08 7.414068045101548e-08 7.207978366608344e-08
-0.01 0.133 0.005 0.05023999999999999 2.901999999999988e-07 8.170000000000121e-08 5.510300000000001e-06 0.0005024636902304484 7.305624116406625e-08 7.374076722625539e-08 7.16449211277268e-08
-0.01 0.133 0.01 0.05023999999999999 2.895999999999996e-07 1.1559999999999904e-07 5.525199999999997e-06 0.0005024637300343179 7.443635470150518e-08 7.433292162234139e-08 7.218768116536793e-08
-0.005 0.133 0.01 0.05027999999999999 2.890000000000004e-07 1.234999999999986e-07 5.523099999999997e-06 0.0005028636395684222 7.433103196876389e-08 7.425243050977416e-08 7.221520794554421e-08
-0.005 0.133 0.005 0.050219999999999994 2.8770000000000044e-07 8.379999999999776e-08 5.506600000000001e-06 0.0005022637155917197 7.418484449348484e-08 7.421286315088821e-08 7.223982166979704e-08
-0.005 0.133 -0.0 0.05027 2.9e-07 4.720000000000002e-08 5.505300000000002e-06 0.0005027652633187779 7.364871079376238e-08 7.396084149916349e-08 7.181998871537688e-08
-0.005 0.133 -0.005 0.050249999999999996 2.956e-07 1.569999999999905e-08 5.516100000000001e-06 0.0005025669010191578 7.351053668651135e-08 7.386477418567618e-08 7.184412066241248e-08
-0.005 0.133 -0.01 0.050219999999999994 2.9320000000000043e-07 -2.449999999999952e-08 5.5593e-06 0.0005022637155917197 7.421680646770304e-08 7.413880938802003e-08 7.215170622386297e-08
0.0 0.133 -0.01 0.05019999999999999 2.8310000000000004e-07 -2.0700000000001274e-08 5.5560999999999975e-06 0.0005020637409731954 7.423768960148268e-08 7.415280885411498e-08 7.213288063587936e-08
0.0 0.133 -0.005 0.050289999999999994 2.867999999999996e-07 1.4200000000000324e-08 5.517699999999998e-06 0.0005029652373673552 7.439750331114761e-08 7.42225289127518e-08 7.214577114699822e-08
0.0 0.133 0.0 0.05026 2.833000000000002e-07 4.4399999999999994e-08 5.5086999999999995e-06 0.0005026652763022327 7.244067927472373e-08 7.343644039735773e-08 7.132762706305778e-08
0.0 0.133 0.005 0.05032 2.8740000000000015e-07 8.810000000000207e-08 5.5055999999999994e-06 0.0005032620192305396 7.418767826245689e-08 7.412476247613627e-08 7.220116260364613e-08
0.0 0.133 0.01 0.05023999999999999 2.895000000000009e-07 1.2130000000000197e-07 5.531799999999998e-06 0.0005024653818921259 7.431482711668467e-08 7.42290925342687e-08 7.226521020259513e-08
0.005 0.133 0.01 0.05020999999999999 2.878999999999993e-07 1.1889999999999956e-07 5.537100000000001e-06 0.0005021653412970672 7.436924313789386e-08 7.425495124582767e-08 7.214856058951251e-08
0.005 0.133 0.005 0.05023999999999999 2.8549999999999964e-07 9.249999999999813e-08 5.505099999999996e-06 0.0005024637300343179 7.425575272999934e-08 7.411969586574848e-08 7.217274514858191e-08
0.005 0.133 -0.0 0.050249999999999996 2.812999999999996e-07 4.929999999999934e-08 5.5074999999999985e-06 0.0005025636775573818 7.247104626197024e-08 7.353676375076146e-08 7.127772132688496e-08
0.005 0.133 -0.005 0.0502 2.803e-07 1.4100000000000224e-08 5.522100000000002e-06 0.0005020653543115678 7.454468281348757e-08 7.423168507689838e-08 7.223489988729605e-08
0.005 0.133 -0.01 0.050249999999999996 2.821000000000004e-07 -1.4899999999998247e-08 5.5502e-06 0.0005025636775573818 7.444701054497874e-08 7.420884335203068e-08 7.211895650022567e-08
0.01 0.133 -0.01 0.05026999999999999 2.716999999999997e-07 -1.3699999999999823e-08 5.561299999999997e-06 0.0005027636522263716 7.430667811865476e-08 7.409077811717551e-08 7.212572087419255e-08
0.01 0.133 -0.005 0.05025999999999999 2.735000000000001e-07 1.8899999999999474e-08 5.5259e-06 0.0005026620932594778 7.363019588705419e-08 7.389933457553436e-08 7.182649620418662e-08
0.01 0.133 0.0 0.05027 2.7620000000000005e-07 5.459999999999909e-08 5.5091e-06 0.0005027636522263717 7.370005263517155e-08 7.383977671090141e-08 7.183736973573549e-08
0.01 0.133 0.005 0.0502 2.789e-07 8.330000000000004e-08 5.520500000000001e-06 0.0005020637409731955 7.427068317483094e-08 7.422435567927411e-08 7.212775750951471e-08
0.01 0.133 0.01 0.05026 2.8530000000000084e-07 1.2729999999999964e-07 5.538200000000004e-06 0.0005026636648893573 7.4211503164269e-08 7.425500316018241e-08 7.220643879469889e-08
0.01 0.16699999999999998 0.01 0.05026 2.819000000000002e-07 -3.9000000000000144e-08 5.410400000000004e-06 0.0005026636648893573 7.43424055313332e-08 7.428664148535749e-08 7.227268324028529e-08
0.01 0.16699999999999998 0.005 0.050230000000000004 2.840000000000009e-07 3.190000000000137e-08 5.3815e-06 0.00050236370290856 7.239562618907118e-08 7.353540323802478e-08 7.12898723865822e-08
0.01 0.16699999999999998 -0.0 0.050219999999999994 2.828999999999998e-07 8.900000000000019e-08 5.383399999999999e-06 0.0005022621427103579 7.427972869268702e-08 7.412668748632341e-08 7.216167846324465e-08
0.01 0.16699999999999998 -0.005 0.05016999999999999 2.8920000000000055e-07 1.5140000000000153e-07 5.386000000000002e-06 0.0005017638189427371 7.440243867427046e-08 7.413504316928824e-08 7.219472663538189e-08
0.01 0.16699999999999998 -0.01 0.050309999999999994 2.90399999999999e-07 2.1940000000000015e-07 5.403400000000002e-06 0.0005031652114365618 7.439068300995585e-08 7.417069892784074e-08 7.223471092670057e-08
0.005 0.16699999999999998 -0.01 0.050179999999999995 2.84100000000001e-07 2.1599999999999953e-07 5.4118e-06 0.0005018637663748997 7.240670759953061e-08 7.345368705046668e-08 7.121384608265882e-08
0.005 0.16699999999999998 -0.005 0.050249999999999996 2.84100000000001e-07 1.5419999999999877e-07 5.3875000000000005e-06 0.0005025652892908542 7.428268315784493e-08 7.416375471786307e-08 7.215876651374671e-08
0.005 0.16699999999999998 0.0 0.05027999999999999 2.818000000000001e-07 9.330000000000172e-08 5.3817000000000005e-06 0.0005028636395684222 7.441567636426838e-08 7.426695032420933e-08 7.220527103982092e-08
0.005 0.16699999999999998 0.005 0.05022 2.823999999999993e-07 2.5500000000000523e-08 5.387700000000001e-06 0.0005022653282877488 7.443474310197607e-08 7.412985725991074e-08 7.219206125613135e-08
0.005 0.16699999999999998 0.01 0.050249999999999996 2.814999999999998e-07 -2.979999999999927e-08 5.403399999999997e-06 0.0005025636775573818 7.353937569881422e-08 7.390584352908346e-08 7.177038751278128e-08
-0.0 0.16699999999999998 0.01 0.05023999999999999 2.825999999999995e-07 -2.7499999999999747e-08 5.394700000000002e-06 0.0005024653022846452 7.352719014596798e-08 7.384406287000592e-08 7.173571665451573e-08
-0.0 0.16699999999999998 0.005 0.05026 2.804000000000001e-07 2.8300000000000548e-08 5.387900000000001e-06 0.0005026637046773916 7.443154360937059e-08 7.417608343405438e-08 7.213688006788916e-08
-0.0 0.16699999999999998 -0.0 0.050179999999999995 2.8340000000000033e-07 9.849999999999859e-08 5.377299999999996e-06 0.0005018653803561269 7.426379646737324e-08 7.412776957192317e-08 7.21403864805244e-08
-0.0 0.16699999999999998 -0.005 0.05026 2.828999999999998e-07 1.573000000000019e-07 5.3867e-06 0.0005026636648893573 7.429275851976247e-08 7.415486626682552e-08 7.211114089930978e-08
-0.0 0.16699999999999998 -0.01 0.05024000000000001 2.8460000000000015e-07 2.1790000000000142e-07 5.405900000000003e-06 0.0005024636902304485 7.23757024428014e-08 7.347970863491853e-08 7.120668215089643e-08
-0.005 0.16699999999999998 -0.01 0.05023999999999999 2.8340000000000033e-07 2.2699999999999943e-07 5.402699999999999e-06 0.0005024636902304484 7.421963408874045e-08 7.417116421167694e-08 7.216650297075751e-08
-0.005 0.16699999999999998 -0.005 0.050249999999999996 2.8379999999999935e-07 1.6049999999999954e-07 5.388000000000004e-06 0.0005025652892908542 7.401170371685905e-08 7.417976820108271e-08 7.212267953508464e-08
-0.005 0.16699999999999998 0.0 0.05023 2.825000000000008e-07 9.779999999999788e-08 5.379299999999998e-06 0.0005023621303402556 7.410693547050547e-08 7.434668306914643e-08 7.217079112797972e-08
-0.005 0.16699999999999998 0.005 0.05027 2.797000000000008e-07 3.659999999999775e-08 5.3862999999999996e-06 0.0005027636920064933 7.220874353778704e-08 7.367186977067595e-08 7.115084172460146e-08
-0.005 0.16699999999999998 0.01 0.050249999999999996 2.7829999999999936e-07 -2.969999999999917e-08 5.404900000000001e-06 0.0005025636775573818 7.400529979648061e-08 7.41395204889016e-08 7.223653066723211e-08
-0.01 0.16699999999999998 0.01 0.05027 2.80699999999999e-07 -2.1799999999999596e-08 5.399999999999999e-06 0.0005027652633187779 7.410469285050257e-08 7.408469945824347e-08 7.207870516517102e-08
-0.01 0.16699999999999998 0.005 0.05019 2.832000000000001e-07 4.290000000000127e-08 5.3802000000000014e-06 0.0005019621798502353 7.421100724603692e-08 7.415578392254526e-08 7.219532487798844e-08
-0.01 0.16699999999999998 -0.0 0.05026 2.836000000000005e-07 9.730000000000016e-08 5.384699999999998e-06 0.0005026652763022327 7.334820726541314e-08 7.378812966173387e-08 7.177055075251225e-08
-0.01 0.16699999999999998 -0.005 0.05026 2.8570000000000124e-07 1.667000000000002e-07 5.385300000000004e-06 0.0005026652763022327 7.335183014002725e-08 7.379348463220698e-08 7.1750002899462e-08
-0.01 0.16699999999999998 -0.01 0.05034 2.843999999999999e-07 2.250000000000002e-07 5.409399999999998e-06 0.0005034651725789978 7.411371117755971e-08 7.414771085053265e-08 7.211470091049255e-08
-0.01 0.2 -0.01 0.050249999999999996 2.579999999999999e-07 4.72599999999998e-07 4.6684e-06 0.0005025652892908542 7.434267866931551e-08 7.427868316349423e-08 7.219567845535506e-08
-0.01 0.2 -0.005 0.050249999999999996 2.471000000000001e-07 2.890000000000004e-07 4.6353999999999955e-06 0.0005025636775573818 7.332892524220899e-08 7.38837803861526e-08 7.180544019326275e-08
-0.01 0.2 0.0 0.050159999999999996 2.3870000000000004e-07 1.0519999999999974e-07 4.622499999999996e-06 0.0005016654064214513 7.333391161950823e-08 7.374265602094891e-08 7.182603456392236e-08
-0.01 0.2 0.005 0.050249999999999996 2.2900000000000003e-07 -7.440000000000224e-08 4.6319e-06 0.0005025669010191578 7.421294538429855e-08 7.396470823529474e-08 7.225979464106358e-08
-0.01 0.2 0.01 0.05022 2.1670000000000021e-07 -2.59100000000001e-07 4.665599999999997e-06 0.0005022637155917199 7.420840823974758e-08 7.402933447326576e-08 7.217055482577766e-08
-0.005 0.2 0.01 0.05023999999999999 2.2829999999999934e-07 -2.706000000000014e-07 4.6646999999999996e-06 0.0005024637300343179 7.334422667526046e-08 7.367280742035649e-08 7.180630214175758e-08
-0.005 0.2 0.005 0.05022 2.3229999999999916e-07 -8.630000000000026e-08 4.6315e-06 0.0005022637155917199 7.326159991283035e-08 7.368238537206987e-08 7.161470134844479e-08
-0.005 0.2 -0.0 0.05023999999999999 2.374000000000001e-07 9.069999999999911e-08 4.6238000000000005e-06 0.0005024621179750768 7.41026804771445e-08 7.401571215781381e-08 7.209344346389595e-08
-0.005 0.2 -0.005 0.0503 2.437999999999996e-07 2.8229999999999924e-07 4.632799999999998e-06 0.0005030636142676192 7.414899078622878e-08 7.411093752052397e-08 7.21896642578731e-08
-0.005 0.2 -0.01 0.05028 2.489000000000005e-07 4.6269999999999924e-07 4.666399999999998e-06 0.0005028620685635376 7.361463748476166e-08 7.380944722912427e-08 7.195733444659763e-08
0.0 0.2 -0.01 0.05021 2.466999999999997e-07 4.472999999999991e-07 4.664700000000005e-06 0.0005021637282799306 7.22511975115869e-08 7.346699812910348e-08 7.116103797476984e-08
0.0 0.2 -0.005 0.05021 2.465999999999996e-07 2.715999999999996e-07 4.623700000000003e-06 0.0005021653412970673 7.410316982829828e-08 7.40637713174788e-08 7.227064799015869e-08
0.0 0.2 0.0 0.05023 2.4440000000000015e-07 8.330000000000004e-08 4.617000000000004e-06 0.0005023653152836091 7.404277955768689e-08 7.400582394243858e-08 7.214712930125722e-08
0.0 0.2 0.005 0.0503 2.342999999999998e-07 -1.0179999999999911e-07 4.638800000000004e-06 0.0005030636142676192 7.401788509736051e-08 7.401879661713694e-08 7.225071058584497e-08
0.0 0.2 0.01 0.0502 2.423999999999996e-07 -2.7689999999999936e-07 4.658800000000002e-06 0.0005020637409731955 7.238470798696655e-08 7.331936821140245e-08 7.128076583120433e-08
0.005 0.2 0.01 0.05028 2.530000000000004e-07 -2.928999999999987e-07 4.669699999999999e-06 0.0005028652503404863 7.408317689552629e-08 7.4072161422198e-08 7.212377754898512e-08
0.005 0.2 0.005 0.05026 2.5020000000000043e-07 -1.0979999999999879e-07 4.6323000000000005e-06 0.0005026620932594778 7.40516794655566e-08 7.405869305291057e-08 7.212793532890277e-08
0.005 0.2 -0.0 0.05025999999999999 2.489999999999992e-07 7.599999999999829e-08 4.616599999999998e-06 0.0005026669274977218 7.419138523072266e-08 7.407005008376966e-08 7.221582462315191e-08
0.005 0.2 -0.005 0.0503 2.4799999999999963e-07 2.5310000000000054e-07 4.6323000000000005e-06 0.0005030636142676192 7.230912986956874e-08 7.339969317997368e-08 7.118164520880014e-08
0.005 0.2 -0.01 0.05026 2.555000000000002e-07 4.461999999999994e-07 4.646499999999998e-06 0.0005026637046773916 7.408869292028011e-08 7.394173398322907e-08 7.211067811865476e-08
0.01 0.2 -0.01 0.05026 2.4490000000000066e-07 4.288000000000014e-07 4.670600000000002e-06 0.0005026636648893573 7.402570360875284e-08 7.39267179194035e-08 7.214067811865475e-08
0.01 0.2 -0.005 0.050230000000000004 2.475000000000005e-07 2.392000000000005e-07 4.643999999999998e-06 0.0005023621303402556 7.414267870140529e-08 7.399167827104732e-08 7.212994694449432e-08
0.01 0.2 0.0 0.05026 2.5470000000000077e-07 7.939999999999891e-08 4.620099999999999e-06 0.0005026652763022327 7.226505001752581e-08 7.342373138020346e-08 7.116869558557059e-08
0.01 0.2 0.005 0.05026 2.583000000000002e-07 -1.1079999999999979e-07 4.637999999999998e-06 0.0005026636648893573 7.411046193531134e-08 7.389076868340287e-08 7.204740247318713e-08
0.01 0.2 0.01 0.050249999999999996 2.6390000000000024e-07 -2.8979999999999837e-07 4.674699999999999e-06 0.0005025636775573818 7.425717413585258e-08 7.396839418976961e-08 7.209773904017191e-08
0.01 0.233 0.01 0.050230000000000004 1.466000000000009e-07 -6.672999999999985e-07 2.843800000000002e-06 0.00050236370290856 7.431368491853732e-08 7.415973045226757e-08 7.214251679671873e-08
0.01 0.233 0.005 0.05023 1.5420000000000018e-07 -3.360000000000002e-07 2.8287000000000005e-06 0.00050236370290856 7.227472415378288e-08 7.340596029312184e-08 7.110789090797554e-08
0.01 0.233 -0.0 0.05021 1.6089999999999994e-07 4.0000000000040006e-10 2.820299999999998e-06 0.0005021653412970673 7.40759528474102e-08 7.394188996562487e-08 7.213518505089482e-08
0.01 0.233 -0.005 0.05023 1.6329999999999956e-07 3.283000000000008e-07 2.8239999999999987e-06 0.00050236370290856 7.229272363001023e-08 7.329603573415014e-08 7.119520881943645e-08
0.01 0.233 -0.01 0.05026 1.6419999999999907e-07 6.703999999999988e-07 2.835399999999999e-06 0.0005026637046773916 7.2355933721897e-08 7.33246972463583e-08 7.120414341632016e-08
0.005 0.233 -0.01 0.05023999999999999 1.6260000000000025e-07 6.866999999999984e-07 2.829799999999999e-06 0.0005024621179750768 7.222258949171867e-08 7.349982565867483e-08 7.118433833442129e-08
0.005 0.233 -0.005 0.050159999999999996 1.568e-07 3.4279999999999865e-07 2.8319999999999955e-06 0.0005016637917968567 7.24968136118355e-08 7.327093123114188e-08 7.11637321993118e-08
0.005 0.233 0.0 0.05019 1.5049999999999924e-07 1.7100000000000448e-08 2.8319999999999955e-06 0.0005019637935150303 7.243523951216907e-08 7.3295421819682e-08 7.109356191303629e-08
0.005 0.233 0.005 0.0503 1.478999999999994e-07 -3.1469999999999834e-07 2.8359000000000024e-06 0.0005030636540240211 7.246884193354801e-08 7.324168779860464e-08 7.106642240884084e-08
0.005 0.233 0.01 0.05026 1.3749999999999874e-07 -6.566999999999989e-07 2.8573000000000014e-06 0.0005026652763022327 7.245867811865475e-08 7.32418221287814e-08 7.10298677174828e-08
-0.0 0.233 0.01 0.050219999999999994 1.4839999999999993e-07 -6.280000000000008e-07 2.838499999999999e-06 0.0005022637155917197 7.257495277653111e-08 7.303568865626528e-08 7.11716878799397e-08
-0.0 0.233 0.005 0.050219999999999994 1.4889999999999904e-07 -2.935000000000021e-07 2.832300000000004e-06 0.0005022653282877487 7.245875134366566e-08 7.323184491202643e-08 7.106703748783143e-08
-0.0 0.233 -0.0 0.05029 1.455999999999999e-07 3.4799999999998723e-08 2.833199999999997e-06 0.0005029636269155057 7.246570119542611e-08 7.306868575223019e-08 7.103068436859372e-08
-0.0 0.233 -0.005 0.0502 1.5330000000000066e-07 3.6809999999999896e-07 2.820499999999998e-06 0.0005020637409731955 7.244171306919735e-08 7.322967990507731e-08 7.112579496967385e-08
-0.0 0.233 -0.01 0.0502 1.5099999999999975e-07 6.989000000000009e-07 2.834700000000001e-06 0.0005020653543115678 7.247994972019026e-08 7.312193214923719e-08 7.114732442861283e-08
-0.005 0.233 -0.01 0.05016999999999999 1.450999999999994e-07 7.243999999999986e-07 2.8283e-06 0.0005017653933861919 7.244873450439142e-08 7.311393299485912e-08 7.105058987190845e-08
-0.005 0.233 -0.005 0.05021 1.474000000000003e-07 3.8849999999999996e-07 2.8193999999999996e-06 0.0005021653412970673 7.24744745921743e-08 7.320368794615244e-08 7.106740210158834e-08
-0.005 0.233 0.0 0.0503 1.465000000000008e-07 4.939999999999944e-08 2.8286000000000033e-06 0.0005030652243993814 7.242969237106804e-08 7.320404892942478e-08 7.110763655476614e-08
-0.005 0.233 0.005 0.050309999999999994 1.5140000000000015e-07 -2.709000000000017e-07 2.8196e-06 0.0005031620315564361 7.248770090972976e-08 7.313091694984477e-08 7.109542738765992e-08
-0.005 0.233 0.01 0.05023 1.440999999999998e-07 -6.137000000000004e-07 2.8402999999999955e-06 0.00050236370290856 7.245370135430023e-08 7.319270712734906e-08 7.106579218483631e-08
-0.01 0.233 0.01 0.05023 1.4249999999999956e-07 -6.081000000000003e-07 2.8386999999999996e-06 0.00050236370290856 7.245267926676001e-08 7.314494433252702e-08 7.106655731164025e-08
-0.01 0.233 0.005 0.05023 1.4240000000000085e-07 -2.577999999999997e-07 2.823300000000001e-06 0.0005023653152836091 7.247468832270687e-08 7.307868360851326e-08 7.111061811415409e-08
-0.01 0.233 -0.0 0.0503 1.4129999999999976e-07 7.230000000000014e-08 2.821999999999997e-06 0.0005030620438872326 7.245470678814388e-08 7.314867811865476e-08 7.104167962922533e-08
-0.01 0.233 -0.005 0.05028 1.3790000000000051e-07 4.0830000000000034e-07 2.822999999999998e-06 0.0005028636793406341 7.245870672253972e-08 7.316667893298687e-08 7.109755277535897e-08
-0.01 0.233 -0.01 0.05018999999999999 1.3240000000000058e-07 7.526000000000005e-07 2.832899999999999e-06 0.0005019621798502352 7.241168076415534e-08 7.32917217060434e-08 7.111838880038876e-08
-0.01 0.267 -0.01 0.050249999999999996 1.4799999999999535e-08 3.844999999999987e-07 9.062999999999987e-07 0.0005025652892908542 7.234888445486519e-08 7.327468513892596e-08 7.113350905413607e-08
-0.01 0.267 -0.005 0.05019 3.21999999999989e-08 2.1019999999999927e-07 9.337999999999957e-07 0.0005019653673312532 7.258568051865322e-08 7.29647215964963e-08 7.109783441784154e-08
-0.01 0.267 0.0 0.050219999999999994 4.699999999999982e-08 2.31000000000009e-08 9.527999999999981e-07 0.0005022653282877487 7.250269597570865e-08 7.301468593114151e-08 7.110823314629244e-08
-0.01 0.267 0.005 0.05020999999999999 6.010000000000043e-08 -1.486000000000015e-07 9.381000000000028e-07 0.0005021653412970672 7.250780081897324e-08 7.308667896040546e-08 7.110404563129402e-08
-0.01 0.267 0.01 0.05032 8.309999999999984e-08 -3.2690000000000217e-07 8.974999999999955e-07 0.0005032635889869244 7.251496191008005e-08 7.304181217743387e-08 7.10993373524316e-08
-0.005 0.267 0.01 0.05032 6.310000000000065e-08 -3.4520000000000105e-07 9.209000000000023e-07 0.0005032635889869244 7.247975980133648e-08 7.308516332602076e-08 7.109767941064227e-08
-0.005 0.267 0.005 0.0503 5.6799999999999906e-08 -1.574999999999993e-07 9.462999999999999e-07 0.0005030652243993814 7.256924746091778e-08 7.289870097045499e-08 7.110309881127939e-08
-0.005 0.267 -0.0 0.05033 4.730000000000012e-08 1.9700000000000272e-08 9.635000000000004e-07 0.0005033635763541101 7.248469615689451e-08 7.308467896111459e-08 7.110215736459252e-08
-0.005 0.267 -0.005 0.050219999999999994 4.4500000000000094e-08 1.9930000000000086e-07 9.47199999999998e-07 0.0005022653282877487 7.244871954508855e-08 7.308869914463414e-08 7.105714601038501e-08
-0.005 0.267 -0.01 0.05019999999999999 3.840000000000093e-08 3.8369999999999934e-07 9.096999999999967e-07 0.0005020637409731954 7.249896444919582e-08 7.301215807729007e-08 7.105696123981431e-08
0.0 0.267 -0.01 0.05023999999999999 5.479999999999929e-08 3.692999999999988e-07 9.222000000000008e-07 0.0005024636902304484 7.254067921155061e-08 7.30497262156378e-08 7.120265576042316e-08
0.0 0.267 -0.005 0.05023999999999999 5.330000000000057e-08 1.895000000000008e-07 9.552000000000004e-07 0.0005024636902304484 7.249873292765811e-08 7.303668155803313e-08 7.109669884348698e-08
0.0 0.267 0.0 0.050249999999999996 5.1099999999999756e-08 1.06999999999996e-08 9.653999999999997e-07 0.0005025652892908542 7.253179920194384e-08 7.302269974485119e-08 7.106670339865605e-08
0.0 0.267 0.005 0.05027 4.939999999999944e-08 -1.7759999999999998e-07 9.573e-07 0.0005027636522263717 7.24847502705133e-08 7.311785281111062e-08 7.112576365200904e-08
0.0 0.267 0.01 0.05026 4.940000000000083e-08 -3.4899999999999933e-07 9.205000000000019e-07 0.0005026652763022327 7.250788094527171e-08 7.310870814348764e-08 7.110836140972945e-08
0.005 0.267 0.01 0.05034999999999999 3.3199999999999894e-08 -3.583000000000003e-07 9.130000000000027e-07 0.0005035635908204642 7.252971137838367e-08 7.308533851542732e-08 7.108206740229121e-08
0.005 0.267 0.005 0.05026 4.330000000000028e-08 -1.8859999999999988e-07 9.528000000000036e-07 0.0005026652763022327 7.250967839658692e-08 7.309168336854397e-08 7.109567941735386e-08
0.005 0.267 -0.0 0.05023999999999999 5.320000000000047e-08 2.099999999999325e-09 9.596999999999967e-07 0.0005024637300343179 7.254283149651372e-08 7.301450146257677e-08 7.116518664442738e-08
0.005 0.267 -0.005 0.05023 6.440000000000056e-08 1.789999999999986e-07 9.477999999999987e-07 0.0005023653152836091 7.242690654168008e-08 7.324879159129542e-08 7.112770809359661e-08
0.005 0.267 -0.01 0.050230000000000004 7.179999999999964e-08 3.580000000000014e-07 9.168999999999983e-07 0.0005023653152836092 7.248572572365018e-08 7.320771195903418e-08 7.11506963000973e-08
0.01 0.267 -0.01 0.05026 8.599999999999996e-08 3.5020000000000053e-07 9.052000000000005e-07 0.0005026652763022327 7.250283882573435e-08 7.306151839396059e-08 7.117712211314928e-08
0.01 0.267 -0.005 0.050249999999999996 7.000000000000061e-08 1.665e-07 9.411000000000003e-07 0.0005025636775573818 7.252368501329139e-08 7.305579090911921e-08 7.109919324062558e-08
0.01 0.267 0.0 0.050289999999999994 5.1099999999999756e-08 -1.0799999999999698e-08 9.509000000000045e-07 0.0005029620562229322 7.245170138099217e-08 7.307682097148507e-08 7.104670192733503e-08
0.01 0.267 0.005 0.050249999999999996 3.510000000000041e-08 -1.8379999999999785e-07 9.346999999999994e-07 0.0005025636775573818 7.249881346028861e-08 7.315768159229349e-08 7.112959577166069e-08
0.01 0.267 0.01 0.050289999999999994 2.1000000000000185e-08 -3.608e-07 9.091999999999989e-07 0.0005029652373673552 7.239180928545882e-08 7.326069066764349e-08 7.113915448906507e-08
0.01 0.3 0.01 0.05026 4.800000000000637e-09 -9.839999999999849e-08 2.607000000000026e-07 0.0005026636648893573 7.246344963827733e-08 7.314123443357528e-08 7.113439500526656e-08
0.01 0.3 0.005 0.050309999999999994 8.199999999999873e-09 -5.790000000000239e-08 2.7630000000000154e-07 0.0005031636016247598 7.246176064098201e-08 7.306788197067944e-08 7.106442661688478e-08
0.01 0.3 -0.0 0.05026 1.5600000000000335e-08 7.000000000007001e-10 2.7479999999999725e-07 0.0005026652763022327 7.254899256400952e-08 7.293184222785516e-08 7.113043280892039e-08
0.01 0.3 -0.005 0.05021 2.7800000000000047e-08 4.850000000000132e-08 2.676999999999985e-07 0.0005021653412970673 7.245968526558126e-08 7.312274528189877e-08 7.109880696324119e-08
0.01 0.3 -0.01 0.050219999999999994 2.930000000000016e-08 9.509999999999796e-08 2.612000000000003e-07 0.0005022637155917197 7.244767840650735e-08 7.317367832165921e-08 7.107281621386155e-08
0.005 0.3 -0.01 0.050309999999999994 2.2300000000000097e-08 1.0369999999999962e-07 2.6519999999999875e-07 0.0005031652114365618 7.241388098384727e-08 7.316982634517547e-08 7.108179535080654e-08
0.005 0.3 -0.005 0.05026 1.9699999999998886e-08 5.169999999999897e-08 2.760999999999958e-07 0.0005026620932594778 7.24559901251453e-08 7.316873019296075e-08 7.110966182759536e-08
0.005 0.3 0.0 0.05019 1.810000000000006e-08 1.0000000000010001e-10 2.795999999999965e-07 0.0005019637536715176 7.248675018926451e-08 7.316675955052952e-08 7.119034883904532e-08
0.005 0.3 0.005 0.050230000000000004 1.880000000000076e-08 -4.910000000000192e-08 2.67400000000001e-07 0.00050236370290856 7.245972643130939e-08 7.313667894305693e-08 7.107512290185243e-08
0.005 0.3 0.01 0.050249999999999996 1.3000000000000512e-08 -1.0199999999999931e-07 2.587000000000006e-07 0.0005025621056148184 7.242468862037288e-08 7.310271908820357e-08 7.107070034019115e-08
-0.0 0.3 0.01 0.05023 1.4899999999999635e-08 -9.869999999999879e-08 2.666000000000002e-07 0.00050236370290856 7.244968070634691e-08 7.316967994866627e-08 7.115122777533378e-08
-0.0 0.3 0.005 0.05023999999999999 1.6599999999999947e-08 -4.62000000000018e-08 2.7590000000000114e-07 0.0005024636902304484 7.244774288428672e-08 7.330586327582563e-08 7.113875287848066e-08
-0.0 0.3 -0.0 0.05026999999999999 1.5500000000000235e-08 -2.099999999999325e-09 2.8569999999999986e-07 0.0005027636522263716 7.24066887318291e-08 7.326184295064818e-08 7.111988466796696e-08
-0.0 0.3 -0.005 0.05022 1.789999999999986e-08 5.830000000000002e-08 2.7610000000000137e-07 0.0005022653282877488 7.242105702404386e-08 7.317848240587042e-08 7.111618274254949e-08
-0.0 0.3 -0.01 0.05023999999999999 1.16000000000005e-08 1.0500000000000093e-07 2.7469999999999994e-07 0.0005024621179750768 7.243980564431618e-08 7.316267811865476e-08 7.112764334502262e-08
-0.005 0.3 -0.01 0.05023999999999999 -5.80000000000025e-09 1.013e-07 2.933999999999992e-07 0.0005024636902304484 7.244870688711631e-08 7.31686467921736e-08 7.109597021564093e-08
-0.005 0.3 -0.005 0.05028 1.3900000000000024e-08 6.140000000000034e-08 2.7449999999999976e-07 0.0005028652503404863 7.244669655173662e-08 7.309972520902364e-08 7.110623595260575e-08
-0.005 0.3 0.0 0.050309999999999994 1.5300000000000034e-08 6.30000000000075e-09 2.801999999999971e-07 0.0005031652114365618 7.2527075652236e-08 7.29896888689585e-08 7.113281790592907e-08
-0.005 0.3 0.005 0.05019 1.719999999999916e-08 -4.6000000000001596e-08 2.765999999999991e-07 0.0005019621798502353 7.247768519277756e-08 7.305368003926857e-08 7.110574013910218e-08
-0.005 0.3 0.01 0.05027999999999999 2.339999999999981e-08 -9.139999999999981e-08 2.581999999999973e-07 0.000502863679340634 7.243378287461128e-08 7.312473114209894e-08 7.107323018388126e-08
-0.01 0.3 0.01 0.050249999999999996 2.2700000000000498e-08 -9.040000000000159e-08 2.6189999999999824e-07 0.0005025636775573818 7.246602708680895e-08 7.31352795291963e-08 7.115258308581399e-08
-0.01 0.3 0.005 0.050249999999999996 1.9299999999999872e-08 -4.129999999999967e-08 2.7329999999999856e-07 0.0005025636775573818 7.243199447540038e-08 7.323171163687699e-08 7.117118653334443e-08
-0.01 0.3 -0.0 0.05026999999999999 1.3900000000000024e-08 1.2200000000001099e-08 2.766999999999964e-07 0.0005027652633187778 7.242069683200266e-08 7.323967989801356e-08 7.111755156335224e-08
-0.01 0.3 -0.005 0.05022 8.900000000000574e-09 5.430000000000157e-08 2.766999999999964e-07 0.0005022653282877488 7.249177946332889e-08 7.315985757308435e-08 7.118562653690668e-08
-0.01 0.3 -0.01 0.050249999999999996 2.7000000000013125e-09 1.1130000000000029e-07 2.6309999999999944e-07 0.0005025637173533322 7.24773569236445e-08 7.331794066776637e-08 7.115367924732149e-08
0.0 0.0 0.0 0.05032 2.429999999999932e-08 -3.200000000000425e-09 2.0739999999999647e-07 0.0005032651984788935 7.278969759908297e-08 7.317674381121042e-08 7.113467811865476e-08
