-0.01 0.0 -0.01 0.10028999999999999 3.3099999999999793e-08 -1.8009999999999971e-07 4.0250000000000006e-07 0.0010029319069607865 7.205770818513435e-08 7.357079629803126e-08 7.116173243910852e-08
-0.01 0.0 -0.005 0.10028999999999999 4.4700000000000294e-08 -1.0420000000000152e-07 4.19799999999998e-07 0.0010029327145925594 7.207772237543652e-08 7.355767969926548e-08 7.120989550617247e-08
-0.01 0.0 0.0 0.10034000000000001 3.9000000000000144e-08 -3.0099999999999575e-08 4.504999999999981e-07 0.0010034318910618698 7.205915874513777e-08 7.35727032757769e-08 7.122794014123132e-08
-0.01 0.0 0.005 0.10032 5.700000000000011e-08 5.5299999999999794e-08 4.392000000000007e-07 0.0010032303225082466 7.19808056713045e-08 7.365873307065277e-08 7.113641277780291e-08
-0.01 0.0 0.01 0.10038 6.75999999999996e-08 1.3020000000000253e-07 4.322999999999966e-07 0.0010038318783541396 7.203708152637052e-08 7.380673044379399e-08 7.123167907834677e-08
-0.005 0.0 0.01 0.10038 5.830000000000002e-08 1.353999999999994e-07 4.357999999999973e-07 0.001003832685261842 7.196503691899858e-08 7.382463026986068e-08 7.12617225814706e-08
-0.005 0.0 0.005 0.10032 5.6900000000000007e-08 6.430000000000046e-08 4.388000000000003e-07 0.001003231917355105 7.196774534040544e-08 7.376368614353776e-08 7.124783545128645e-08
-0.005 0.0 -0.0 0.10031999999999999 5.210000000000076e-08 -2.449999999999952e-08 4.4730000000000047e-07 0.0010032327048098064 7.20556963341448e-08 7.366971613801172e-08 7.115976831004175e-08
-0.005 0.0 -0.005 0.10035999999999999 5.6599999999999706e-08 -1.0440000000000172e-07 4.259000000000013e-07 0.0010036318847067385 7.212989832707908e-08 7.359168245742275e-08 7.120441691599602e-08
-0.005 0.0 -0.01 0.10033999999999998 5.150000000000016e-08 -1.7940000000000178e-07 4.006999999999983e-07 0.0010034326982912207 7.209381224085695e-08 7.360971692488002e-08 7.123875387079644e-08
0.0 0.0 -0.01 0.10033 5.6099999999999205e-08 -1.7540000000000055e-07 4.064000000000012e-07 0.0010033327015501886 7.203367849658366e-08 7.359967829172502e-08 7.118167918022469e-08
0.0 0.0 -0.005 0.10031999999999999 5.460000000000048e-08 -9.839999999999849e-08 4.2939999999999647e-07 0.0010032318974195348 7.208569593672113e-08 7.36066843341177e-08 7.113269707557494e-08
0.0 0.0 0.0 0.10033999999999998 5.6499999999999606e-08 -1.4200000000000324e-08 4.375999999999991e-07 0.001003431103763482 7.201710301125288e-08 7.380416708744065e-08 7.123272217809802e-08
0.0 0.0 0.005 0.10029 5.6399999999999506e-08 6.160000000000054e-08 4.4319999999999915e-07 0.00100293192690232 7.19890301828374e-08 7.372316214350866e-08 7.110970944574575e-08
0.0 0.0 0.01 0.10038 5.5399999999999894e-08 1.5090000000000104e-07 4.2530000000000067e-07 0.0010038318783541396 7.203781413278443e-08 7.361673386485096e-08 7.114953572654142e-08
0.005 0.0 0.01 0.1003 4.5200000000000795e-08 1.5280000000000015e-07 4.2709999999999694e-07 0.0010030319037797352 7.204008776206796e-08 7.368472115802053e-08 7.123942380421635e-08
0.005 0.0 0.005 0.10027000000000001 4.939999999999944e-08 6.599999999999939e-08 4.4150000000000024e-07 0.001002731913324793 7.202068422551076e-08 7.373569150705488e-08 7.117320379361779e-08
0.005 0.0 -0.0 0.1003 5.730000000000041e-08 -6.600000000001049e-09 4.365999999999981e-07 0.0010030327113309913 7.19477108587227e-08 7.367287325064724e-08 7.110995997399006e-08
0.005 0.0 -0.005 0.10039999999999998 5.710000000000021e-08 -9.009999999999851e-08 4.292000000000018e-07 0.0010040318919237574 7.197179270504253e-08 7.369868414274507e-08 7.114246741912433e-08
0.005 0.0 -0.01 0.10032 6.430000000000046e-08 -1.6740000000000088e-07 4.0240000000000276e-07 0.0010032318974195348 7.198713101633645e-08 7.366487377906726e-08 7.121965748955303e-08
0.01 0.0 -0.01 0.10035 7.96000000000005e-08 -1.571000000000017e-07 3.9180000000000323e-07 0.0010035311006640502 7.193268466528206e-08 7.363376860647754e-08 7.109167943098845e-08
0.01 0.0 -0.005 0.10035999999999999 6.89000000000009e-08 -8.350000000000024e-08 4.188000000000025e-07 0.001003631097565236 7.199381879683467e-08 7.362681254628323e-08 7.122694161726763e-08
0.01 0.0 0.0 0.10036999999999999 5.700000000000011e-08 -3.700000000000925e-09 4.286000000000012e-07 0.001003731094467039 7.206429918823073e-08 7.358714817759853e-08 7.12057134709277e-08
0.01 0.0 0.005 0.10031 5.0100000000000144e-08 7.850000000000079e-08 4.251000000000005e-07 0.0010031327080700738 7.19607805144608e-08 7.378867811865475e-08 7.121839654455636e-08
0.01 0.0 0.01 0.10035999999999999 3.690000000000082e-08 1.5080000000000093e-07 4.23399999999996e-07 0.0010036318847067385 7.194993031252008e-08 7.37286887216845e-08 7.117078680146786e-08
0.01 0.033 0.01 0.10033999999999998 5.730000000000041e-08 4.937999999999998e-07 1.4365000000000016e-06 0.0010034318910618696 7.194002021912965e-08 7.366802050667817e-08 7.121784475793617e-08
0.01 0.033 0.005 0.10029999999999999 7.769999999999999e-08 1.9979999999999998e-07 1.4979999999999993e-06 0.0010030327113309913 7.199374397822706e-08 7.35886788135817e-08 7.116984475507338e-08
0.01 0.033 -0.0 0.10042 1.218999999999998e-07 -8.520000000000194e-08 1.4855999999999981e-06 0.0010042326722428422 7.196268450841481e-08 7.359776973479721e-08 7.116503480673143e-08
0.01 0.033 -0.005 0.10037 1.5179999999999915e-07 -3.7629999999999884e-07 1.4520000000000032e-06 0.0010037326885182132 7.20176968637384e-08 7.356868931527383e-08 7.11186830205861e-08
0.01 0.033 -0.01 0.10027000000000001 1.8529999999999936e-07 -6.592999999999988e-07 1.3731999999999967e-06 0.0010027319332703035 7.198071748812328e-08 7.360267881021761e-08 7.120385151615303e-08
0.005 0.033 -0.01 0.10031 1.5190000000000064e-07 -6.759000000000015e-07 1.3944000000000012e-06 0.0010031327080700738 7.194012108195155e-08 7.355167829464912e-08 7.116213797290538e-08
0.005 0.033 -0.005 0.10031999999999999 1.3169999999999986e-07 -3.9780000000000093e-07 1.4778999999999986e-06 0.0010032311099641995 7.190367853776617e-08 7.360681347460758e-08 7.110389307259217e-08
0.005 0.033 0.0 0.10035 1.2619999999999993e-07 -1.0599999999999776e-07 1.505400000000001e-06 0.0010035318878839875 7.199675432168473e-08 7.356971746780684e-08 7.11367954733823e-08
0.005 0.033 0.005 0.10033999999999998 1.0430000000000023e-07 1.9450000000000024e-07 1.5029000000000015e-06 0.0010034326982912207 7.199880388891168e-08 7.361169897345742e-08 7.111777761509267e-08
0.005 0.033 0.01 0.10031999999999999 8.080000000000031e-08 4.768999999999995e-07 1.4707000000000025e-06 0.0010032318974195348 7.198675491885136e-08 7.356769929463508e-08 7.116368805232068e-08
-0.0 0.033 0.01 0.10035 1.1089999999999989e-07 4.6430000000000084e-07 1.4815999999999995e-06 0.0010035326950329022 7.19736816815951e-08 7.361768654657512e-08 7.11257082380437e-08
-0.0 0.033 0.005 0.10033999999999998 1.1060000000000098e-07 1.766999999999991e-07 1.5193999999999985e-06 0.0010034318910618696 7.196185436523235e-08 7.361072225624991e-08 7.116570559035289e-08
-0.0 0.033 -0.0 0.10031 1.13400000000001e-07 -1.2490000000000001e-07 1.5217999999999953e-06 0.0010031319205368752 7.201972433632623e-08 7.358582437580412e-08 7.120669424742478e-08
-0.0 0.033 -0.005 0.10035999999999999 1.1049999999999949e-07 -4.073999999999994e-07 1.4811999999999993e-06 0.001003631097565236 7.194877343001007e-08 7.361974016680705e-08 7.115422743947488e-08
-0.0 0.033 -0.01 0.10040999999999999 1.0830000000000006e-07 -6.976999999999983e-07 1.4131999999999978e-06 0.0010041326754966196 7.198174460000025e-08 7.367673273716737e-08 7.119666783048001e-08
-0.005 0.033 -0.01 0.10040999999999999 6.960000000000021e-08 -7.142999999999983e-07 1.4073999999999975e-06 0.0010041326754966196 7.201174306707202e-08 7.352067883039843e-08 7.114651524419594e-08
-0.005 0.033 -0.005 0.10035999999999999 8.709999999999967e-08 -4.2530000000000067e-07 1.4803999999999984e-06 0.0010036318847067385 7.196752019306188e-08 7.355169237416282e-08 7.11462214574857e-08
-0.005 0.033 0.0 0.10028 9.720000000000006e-08 -1.3910000000000034e-07 1.5249000000000013e-06 0.001002833525566432 7.194642647491504e-08 7.370069484101602e-08 7.11991635329713e-08
-0.005 0.033 0.005 0.10027999999999998 1.130000000000006e-07 1.570999999999989e-07 1.520499999999997e-06 0.0010028319101424723 7.195678084315222e-08 7.367289688167683e-08 7.121956317443848e-08
-0.005 0.033 0.01 0.1004 1.2140000000000068e-07 4.492999999999997e-07 1.4878000000000002e-06 0.0010040318720040714 7.196070371839262e-08 7.376871016557644e-08 7.124829694272995e-08
-0.01 0.033 0.01 0.10032 1.4919999999999932e-07 4.260999999999987e-07 1.4615999999999963e-06 0.0010032327048098064 7.186669368948415e-08 7.367669497632769e-08 7.108978496375255e-08
-0.01 0.033 0.005 0.10037 1.1749999999999955e-07 1.4219999999999787e-07 1.5001000000000043e-06 0.0010037326885182132 7.1971967141837e-08 7.357298627816519e-08 7.111622219764001e-08
-0.01 0.033 -0.0 0.10033999999999998 8.630000000000026e-08 -1.4929999999999944e-07 1.5044000000000002e-06 0.0010034318910618696 7.1960807711937e-08 7.35346958239817e-08 7.112498718203618e-08
-0.01 0.033 -0.005 0.1003 5.840000000000012e-08 -4.3800000000000225e-07 1.4602999999999977e-06 0.0010030319037797352 7.194087485088908e-08 7.362615989702348e-08 7.116753695899825e-08
-0.01 0.033 -0.01 0.10028999999999999 2.8099999999998958e-08 -7.108999999999976e-07 1.3814999999999966e-06 0.0010029327145925594 7.197351619220179e-08 7.353572926863417e-08 7.11894369305841e-08
-0.01 0.067 -0.01 0.10033999999999998 1.5990000000000031e-07 -1.914099999999999e-06 4.9514000000000006e-06 0.0010034326982912207 7.197567851391161e-08 7.353867882586825e-08 7.11568372830793e-08
-0.01 0.067 -0.005 0.10038 2.0489999999999954e-07 -1.1412000000000006e-06 4.996500000000004e-06 0.0010038318783541396 7.193081089831441e-08 7.354589415980576e-08 7.115181528553145e-08
-0.01 0.067 0.0 0.10046 2.4219999999999935e-07 -4.1249999999999896e-07 5.027599999999999e-06 0.0010046318529690365 7.193571117943312e-08 7.365367828854941e-08 7.113669689758358e-08
-0.01 0.067 0.005 0.10039 2.8529999999999946e-07 3.105999999999998e-07 5.0205e-06 0.001003931875178789 7.193772742491755e-08 7.36036990311267e-08 7.116599559031601e-08
-0.01 0.067 0.01 0.10031 3.2999999999999975e-07 1.0492000000000015e-06 4.986099999999999e-06 0.0010031327080700738 7.202025896762896e-08 7.351296361445992e-08 7.113472056935988e-08
-0.005 0.067 0.01 0.1004 3.120999999999999e-07 1.0699000000000014e-06 5.025800000000003e-06 0.0010040310851761514 7.209335523208363e-08 7.347161708936744e-08 7.118469499599142e-08
-0.005 0.067 0.005 0.10038 2.812999999999996e-07 3.462999999999994e-07 5.051299999999998e-06 0.0010038310913694595 7.2179169861907e-08 7.348509337236138e-08 7.113633760697846e-08
-0.005 0.067 -0.0 0.10035 2.5570000000000036e-07 -3.7520000000000055e-07 5.049999999999999e-06 0.0010035326950329022 7.224446102376225e-08 7.327667889807786e-08 7.109700958255591e-08
-0.005 0.067 -0.005 0.10038 2.2769999999999874e-07 -1.1087000000000013e-06 5.035600000000001e-06 0.001003832685261842 7.218274469323623e-08 7.335568738139846e-08 7.108367945913493e-08
-0.005 0.067 -0.01 0.10039 2.0000000000000018e-07 -1.8645000000000022e-06 4.9875e-06 0.001003931875178789 7.260584301913176e-08 7.326068517746852e-08 7.121850682993445e-08
0.0 0.067 -0.01 0.1004 2.367999999999995e-07 -1.8208000000000002e-06 4.9987e-06 0.0010040318720040714 7.256568054452918e-08 7.323386855934685e-08 7.116871741827871e-08
0.0 0.067 -0.005 0.10034000000000001 2.5290000000000037e-07 -1.0702000000000016e-06 5.0460000000000005e-06 0.0010034319109934666 7.255668786944157e-08 7.337776079453865e-08 7.130555289539353e-08
0.0 0.067 0.0 0.10033 2.6569999999999926e-07 -3.3289999999999986e-07 5.064600000000002e-06 0.0010033318942403854 7.252368501329139e-08 7.335276971434179e-08 7.126820300599164e-08
0.0 0.067 0.005 0.10035 2.769999999999995e-07 3.819000000000017e-07 5.070600000000003e-06 0.0010035326950329022 7.257969978787103e-08 7.330239608170552e-08 7.126240268762011e-08
0.0 0.067 0.01 0.10028 2.9910000000000077e-07 1.1080000000000007e-06 5.041699999999999e-06 0.0010028319101424725 7.255467920325314e-08 7.331171060595667e-08 7.126549881041021e-08
0.005 0.067 0.01 0.10037 2.778000000000003e-07 1.1650999999999994e-06 5.040100000000003e-06 0.0010037310944670391 7.258295000062062e-08 7.330130313976453e-08 7.128690029802657e-08
0.005 0.067 0.005 0.10033 2.721000000000001e-07 4.222000000000004e-07 5.069499999999999e-06 0.0010033327015501886 7.253168058982277e-08 7.329367986081445e-08 7.118488482463855e-08
0.005 0.067 -0.0 0.10035999999999999 2.673999999999996e-07 -3.029000000000004e-07 5.071799999999999e-06 0.001003632691775233 7.257769124126531e-08 7.333767983163478e-08 7.125031503362629e-08
0.005 0.067 -0.005 0.10028999999999999 2.730999999999997e-07 -1.0363000000000012e-06 5.042799999999998e-06 0.0010029319069607865 7.254572416712329e-08 7.327102262672393e-08 7.119690851671724e-08
0.005 0.067 -0.01 0.1004 2.7289999999999954e-07 -1.8029000000000016e-06 5.004900000000001e-06 0.0010040310851761514 7.263268228098115e-08 7.317582598440236e-08 7.128613793480181e-08
0.01 0.067 -0.01 0.10034999999999998 3.075000000000008e-07 -1.7825000000000007e-06 4.982599999999998e-06 0.001003532695032902 7.265377101401514e-08 7.317980468487205e-08 7.126993655623081e-08
0.01 0.067 -0.005 0.10028 2.8880000000000015e-07 -1.0123999999999994e-06 5.031999999999998e-06 0.0010028327178547777 7.260676355976758e-08 7.318094045290187e-08 7.12617879080797e-08
0.01 0.067 0.0 0.10039000000000001 2.707000000000001e-07 -2.724000000000004e-07 5.064200000000002e-06 0.0010039326820061195 7.262269485498319e-08 7.325767831496414e-08 7.123979247302439e-08
0.01 0.067 0.005 0.10035999999999999 2.6209999999999984e-07 4.713999999999996e-07 5.053100000000005e-06 0.0010036318847067385 7.258579571496705e-08 7.331541610931716e-08 7.120042295017419e-08
0.01 0.067 0.01 0.10037 2.461000000000005e-07 1.2165999999999982e-06 5.037999999999998e-06 0.0010037326885182132 7.257567838675126e-08 7.334767982513884e-08 7.121304252822216e-08
0.01 0.1 0.01 0.10033 5.280999999999994e-07 8.401999999999993e-07 9.621500000000004e-06 0.001003331106863532 7.25597562673548e-08 7.33387702022774e-08 7.122022301363458e-08
0.01 0.1 0.005 0.10033 4.790000000000003e-07 3.6720000000000085e-07 9.525000000000006e-06 0.0010033318942403854 7.26010209447051e-08 7.321784584339916e-08 7.120028408267072e-08
0.01 0.1 -0.0 0.10035 4.2480000000000015e-07 -1.0410000000000142e-07 9.518199999999993e-06 0.0010035326950329022 7.260821178107026e-08 7.326984243538005e-08 7.122700553415775e-08
0.01 0.1 -0.005 0.10032999999999997 3.8909999999999916e-07 -5.719000000000002e-07 9.569699999999998e-06 0.0010033319141739684 7.260369951314558e-08 7.32776829881476e-08 7.122374341664324e-08
0.01 0.1 -0.01 0.10038 3.428e-07 -1.0494000000000003e-06 9.713099999999997e-06 0.0010038318783541396 7.251772488063962e-08 7.327270934406947e-08 7.120326313669733e-08
0.005 0.1 -0.01 0.10031 3.8450000000000014e-07 -1.0707999999999996e-06 9.679700000000002e-06 0.0010031327080700738 7.255483429425378e-08 7.337373238021234e-08 7.128431389159783e-08
0.005 0.1 -0.005 0.10038 4.133000000000012e-07 -5.963999999999997e-07 9.543799999999997e-06 0.0010038318783541396 7.253476638406298e-08 7.340225089307495e-08 7.123292327181561e-08
0.005 0.1 0.0 0.1004 4.304000000000002e-07 -1.2749999999999984e-07 9.499199999999997e-06 0.0010040326787510456 7.259483097869558e-08 7.327485361966868e-08 7.123452924254398e-08
0.005 0.1 0.005 0.10039 4.729999999999998e-07 3.515000000000018e-07 9.494899999999994e-06 0.001003931875178789 7.253483600655811e-08 7.33187057258706e-08 7.120185629406568e-08
0.005 0.1 0.01 0.10038 5.091999999999999e-07 8.199000000000011e-07 9.578799999999999e-06 0.0010038334921688955 7.258422021852868e-08 7.331282876763725e-08 7.120235280785484e-08
-0.0 0.1 0.01 0.10031 5.246e-07 7.98299999999999e-07 9.515299999999998e-06 0.0010031327080700738 7.256488954133558e-08 7.328368297679242e-08 7.121898117786255e-08
-0.0 0.1 0.005 0.10040999999999999 4.729999999999998e-07 3.3489999999999906e-07 9.467400000000004e-06 0.0010041318887476882 7.252968059253983e-08 7.323967989801356e-08 7.124067811865476e-08
-0.0 0.1 -0.0 0.10024999999999999 4.543000000000005e-07 -1.4309999999999879e-07 9.463899999999998e-06 0.0010025327276453372 7.25618210088715e-08 7.326372218407941e-08 7.122094079610629e-08
-0.0 0.1 -0.005 0.10035 4.480999999999999e-07 -6.199999999999983e-07 9.519100000000002e-06 0.0010035326950329022 7.254577648114108e-08 7.32738421789521e-08 7.110585402885172e-08
-0.0 0.1 -0.01 0.10031999999999999 4.276000000000002e-07 -1.089699999999999e-06 9.656599999999998e-06 0.001003231917355105 7.253772436875353e-08 7.331732347236132e-08 7.118539066325412e-08
-0.005 0.1 -0.01 0.10037 4.775000000000002e-07 -1.1241000000000002e-06 9.661699999999996e-06 0.0010037326885182132 7.248102328274e-08 7.33422175920429e-08 7.112309780780647e-08
-0.005 0.1 -0.005 0.10037999999999998 4.710000000000006e-07 -6.433999999999995e-07 9.5234e-06 0.0010038318783541394 7.25636805471475e-08 7.334467887795609e-08 7.113490918776686e-08
-0.005 0.1 0.0 0.10036999999999999 4.725999999999994e-07 -1.68299999999999e-07 9.4584e-06 0.001003731094467039 7.252414165564689e-08 7.327268124121335e-08 7.116674828869442e-08
-0.005 0.1 0.005 0.10033 4.743999999999998e-07 3.015999999999991e-07 9.464100000000003e-06 0.0010033318942403854 7.257575559693817e-08 7.321368311265697e-08 7.119702984323276e-08
-0.005 0.1 0.01 0.10035999999999999 4.821000000000005e-07 7.85000000000001e-07 9.521699999999994e-06 0.0010036334988430785 7.254273161132358e-08 7.328069056998646e-08 7.117970477034952e-08
-0.01 0.1 0.01 0.10035 4.605999999999999e-07 7.612999999999995e-07 9.537600000000002e-06 0.0010035318878839875 7.254283531715056e-08 7.327568299194448e-08 7.114573443684816e-08
-0.01 0.1 0.005 0.10042999999999999 4.770999999999997e-07 2.799999999999997e-07 9.4706e-06 0.0010043326689897127 7.253782288577093e-08 7.319867892251315e-08 7.11236284788677e-08
-0.01 0.1 -0.0 0.10033 4.904999999999993e-07 -1.880999999999994e-07 9.468800000000005e-06 0.0010033327015501886 7.247733031985339e-08 7.330971063095621e-08 7.110575026396495e-08
-0.01 0.1 -0.005 0.10046 5.048999999999998e-07 -6.718000000000002e-07 9.542699999999998e-06 0.0010046326592342099 7.247178061425233e-08 7.338051893787976e-08 7.112841009013887e-08
-0.01 0.1 -0.01 0.1003 5.243999999999999e-07 -1.1488e-06 9.681699999999999e-06 0.0010030319037797352 7.240701888630729e-08 7.355367829452531e-08 7.119708946720658e-08
-0.01 0.133 -0.01 0.10029999999999999 5.690999999999988e-07 -2.2999999999995247e-09 1.1111300000000007e-05 0.0010030327113309913 7.245479279378366e-08 7.337967980467896e-08 7.118482788402431e-08
-0.01 0.133 -0.005 0.10039000000000001 5.583000000000004e-07 4.220000000000057e-08 1.1055799999999998e-05 0.0010039326820061195 7.247220302622774e-08 7.326271651961976e-08 7.113692218019697e-08
-0.01 0.133 0.0 0.10042999999999999 5.552000000000001e-07 1.0529999999999984e-07 1.10151e-05 0.0010043326689897127 7.256622386047843e-08 7.323204481154177e-08 7.113377385250231e-08
-0.01 0.133 0.005 0.10042999999999999 5.496000000000001e-07 1.586000000000004e-07 1.1020600000000003e-05 0.001004331862483711 7.246887037207871e-08 7.326269065780891e-08 7.109567941735386e-08
-0.01 0.133 0.01 0.10033999999999998 5.406999999999995e-07 2.1889999999999964e-07 1.1058800000000007e-05 0.0010034318910618696 7.239571402331673e-08 7.34946845841645e-08 7.114069672290346e-08
-0.005 0.133 0.01 0.10028999999999999 5.432000000000006e-07 2.246999999999999e-07 1.1052799999999995e-05 0.0010029319069607865 7.234685414830438e-08 7.347070420548799e-08 7.107468361311878e-08
-0.005 0.133 0.005 0.1004 5.388999999999991e-07 1.574999999999993e-07 1.1028900000000002e-05 0.0010040318720040714 7.235888320298134e-08 7.355667811865476e-08 7.107070034019115e-08
-0.005 0.133 -0.0 0.10034000000000001 5.426e-07 1.0779999999999956e-07 1.1015000000000002e-05 0.001003432698291221 7.234067934564816e-08 7.355877924045503e-08 7.113812168218099e-08
-0.005 0.133 -0.005 0.10040999999999999 5.416000000000005e-07 4.760000000000042e-08 1.1052300000000004e-05 0.0010041326754966196 7.241008095494755e-08 7.349369985770028e-08 7.117155120313681e-08
-0.005 0.133 -0.01 0.10038 5.453e-07 -3.6000000000008247e-09 1.1111300000000002e-05 0.001003832685261842 7.234570288910932e-08 7.35840625342873e-08 7.11479537754206e-08
0.0 0.133 -0.01 0.10033 5.324999999999997e-07 4.700000000001925e-09 1.11124e-05 0.0010033327015501886 7.233082749448404e-08 7.355768672419145e-08 7.119758057295131e-08
0.0 0.133 -0.005 0.10040999999999999 5.281000000000008e-07 5.449999999999899e-08 1.1047100000000005e-05 0.0010041326754966196 7.235877641669405e-08 7.349873622421855e-08 7.11971758062135e-08
0.0 0.133 0.0 0.1004 5.391000000000007e-07 1.1019999999999919e-07 1.1008699999999998e-05 0.0010040326787510456 7.244568532325076e-08 7.347768263617908e-08 7.119138176956662e-08
0.0 0.133 0.005 0.10036999999999999 5.389999999999992e-07 1.7340000000000133e-07 1.1015100000000006e-05 0.001003731094467039 7.238730926473311e-08 7.352693449902924e-08 7.111469792014969e-08
0.0 0.133 0.01 0.10035999999999999 5.428000000000002e-07 2.234999999999987e-07 1.1062e-05 0.0010036319046343634 7.235138040731044e-08 7.354868446114239e-08 7.11837637345849e-08
0.005 0.133 0.01 0.10040999999999999 5.430000000000005e-07 2.3029999999999994e-07 1.1066700000000002e-05 0.0010041318688299857 7.240270766922413e-08 7.354870348852022e-08 7.115344216416885e-08
0.005 0.133 0.005 0.10040999999999999 5.317000000000002e-07 1.787999999999984e-07 1.1023899999999998e-05 0.0010041318688299857 7.237439985019523e-08 7.345404721522197e-08 7.109383604953966e-08
0.005 0.133 -0.0 0.10037 5.247000000000001e-07 1.1169999999999791e-07 1.1026000000000008e-05 0.0010037310944670391 7.242432277260143e-08 7.356632970804727e-08 7.117791895591109e-08
0.005 0.133 -0.005 0.10044999999999998 5.230999999999999e-07 6.659999999999999e-08 1.1043999999999993e-05 0.0010045318561399633 7.242690654168008e-08 7.348171871741906e-08 7.11517064624151e-08
0.005 0.133 -0.01 0.10031 5.129999999999996e-07 1.0399999999999299e-08 1.11232e-05 0.0010031327080700738 7.250180123000138e-08 7.339089378161922e-08 7.109941967804866e-08
0.01 0.133 -0.01 0.10031 5.096000000000004e-07 1.9500000000000072e-08 1.1133100000000002e-05 0.0010031319205368752 7.251169172215697e-08 7.329267811865476e-08 7.108826254629975e-08
0.01 0.133 -0.005 0.10034000000000001 5.187999999999998e-07 7.709999999999939e-08 1.1052e-05 0.001003432698291221 7.247795002755843e-08 7.332168290608813e-08 7.112291591410782e-08
0.01 0.133 0.0 0.10032 5.183999999999995e-07 1.1639999999999984e-07 1.1026799999999997e-05 0.001003231917355105 7.25061017455462e-08 7.333468497840189e-08 7.118929696491972e-08
0.01 0.133 0.005 0.10039999999999998 5.274000000000001e-07 1.7419999999999935e-07 1.1034300000000002e-05 0.0010040318720040712 7.252068253853887e-08 7.335568284454845e-08 7.113476301581569e-08
0.01 0.133 0.01 0.10035 5.343e-07 2.274999999999999e-07 1.1088700000000001e-05 0.0010035335021811678 7.255168056297687e-08 7.327495969445723e-08 7.11641491761656e-08
0.01 0.16699999999999998 0.01 0.10038 5.517999999999995e-07 -7.929999999999881e-08 1.0736100000000004e-05 0.0010038318982777943 7.251623897334784e-08 7.337442322658082e-08 7.12165951078931e-08
0.01 0.16699999999999998 0.005 0.10039999999999998 5.597000000000004e-07 4.780000000000062e-08 1.0692100000000004e-05 0.0010040318720040712 7.25789875148737e-08 7.328567831282951e-08 7.119268226801449e-08
0.01 0.16699999999999998 -0.0 0.10039 5.643999999999996e-07 1.8009999999999971e-07 1.0687799999999998e-05 0.001003931875178789 7.256982039400648e-08 7.321674276267334e-08 7.114601017582492e-08
0.01 0.16699999999999998 -0.005 0.10032999999999997 5.64400000000001e-07 3.2200000000000143e-07 1.0706499999999997e-05 0.0010033318942403852 7.25657107329233e-08 7.325868125837025e-08 7.120693611607143e-08
0.01 0.16699999999999998 -0.01 0.10033 5.697000000000008e-07 4.490000000000008e-07 1.0753099999999999e-05 0.0010033327015501886 7.253805273815674e-08 7.331872719794755e-08 7.111935647629069e-08
0.005 0.16699999999999998 -0.01 0.10028999999999999 5.579000000000001e-07 4.530999999999993e-07 1.0755199999999998e-05 0.0010029319269023197 7.254409296532748e-08 7.328068512253626e-08 7.112149194510172e-08
0.005 0.16699999999999998 -0.005 0.10033 5.582000000000003e-07 3.277000000000002e-07 1.0706500000000002e-05 0.0010033327015501886 7.413754169924853e-08 7.38703062613323e-08 7.20926911431954e-08
0.005 0.16699999999999998 0.0 0.10038 5.512000000000003e-07 1.8670000000000077e-07 1.0694300000000007e-05 0.0010038318783541396 7.432520353701883e-08 7.389921540085799e-08 7.214793174971644e-08
0.005 0.16699999999999998 0.005 0.10026 5.468000000000001e-07 5.429999999999879e-08 1.0704200000000003e-05 0.0010026335522014013 7.42862496813563e-08 7.388104150476683e-08 7.212777162297972e-08
0.005 0.16699999999999998 0.01 0.10035999999999999 5.485000000000003e-07 -7.489999999999996e-08 1.07308e-05 0.0010036334988430785 7.417279134615036e-08 7.389768580612587e-08 7.216769493393178e-08
-0.0 0.16699999999999998 0.01 0.10042999999999999 5.419999999999994e-07 -7.130000000000192e-08 1.0737199999999996e-05 0.0010043326689897127 7.435999421896726e-08 7.390491824738647e-08 7.211975796025352e-08
-0.0 0.16699999999999998 0.005 0.10034999999999998 5.455999999999989e-07 5.969999999999865e-08 1.0704000000000003e-05 0.0010035318878839873 7.43069567507966e-08 7.394411251570072e-08 7.214297766833003e-08
-0.0 0.16699999999999998 -0.0 0.10033999999999998 5.403000000000005e-07 1.9760000000000055e-07 1.0700700000000002e-05 0.0010034318910618696 7.41706873671973e-08 7.391369076302567e-08 7.215068367419959e-08
-0.0 0.16699999999999998 -0.005 0.10033999999999998 5.546000000000009e-07 3.243999999999997e-07 1.0713999999999996e-05 0.0010034318910618696 7.427548835203325e-08 7.393285285010556e-08 7.219918676827692e-08
-0.0 0.16699999999999998 -0.01 0.10029999999999999 5.55e-07 4.631999999999997e-07 1.07524e-05 0.0010030335388211103 7.432085761557731e-08 7.383674209752658e-08 7.20897357679211e-08
-0.005 0.16699999999999998 -0.01 0.1004 5.576999999999999e-07 4.6570000000000084e-07 1.0753900000000006e-05 0.0010040326787510456 7.411311871328679e-08 7.379976374388433e-08 7.201963953901825e-08
-0.005 0.16699999999999998 -0.005 0.10037 5.527000000000004e-07 3.295000000000006e-07 1.0718499999999997e-05 0.0010037318815301227 7.410470699301632e-08 7.383070952875306e-08 7.198974418418851e-08
-0.005 0.16699999999999998 0.0 0.10031999999999999 5.498000000000003e-07 2.0330000000000072e-07 1.0694900000000002e-05 0.0010032327048098064 7.408669944560161e-08 7.382673010795147e-08 7.203369663704368e-08
-0.005 0.16699999999999998 0.005 0.1004 5.516000000000007e-07 6.629999999999969e-08 1.06956e-05 0.0010040326787510456 7.407681180583951e-08 7.38736795413544e-08 7.20975090384139e-08
-0.005 0.16699999999999998 0.01 0.10035999999999999 5.399000000000001e-07 -6.379999999999996e-08 1.0735499999999997e-05 0.0010036319046343634 7.411015601974487e-08 7.389068377902708e-08 7.201707009658482e-08
-0.01 0.16699999999999998 0.01 0.10032999999999997 5.357e-07 -4.780000000000062e-08 1.0737200000000003e-05 0.0010033318942403852 7.408877817637951e-08 7.390668062178269e-08 7.20117645877259e-08
-0.01 0.16699999999999998 0.005 0.10038 5.405999999999994e-07 7.709999999999939e-08 1.0712500000000003e-05 0.0010038318783541396 7.427928849245574e-08 7.397182546276542e-08 7.217294621992757e-08
-0.01 0.16699999999999998 -0.0 0.10038 5.484000000000002e-07 2.0870000000000054e-07 1.07022e-05 0.0010038318783541396 7.420624588369666e-08 7.385177760768722e-08 7.20217090107393e-08
-0.01 0.16699999999999998 -0.005 0.10031999999999999 5.544000000000007e-07 3.4200000000000065e-07 1.0720500000000005e-05 0.001003231917355105 7.413071554535056e-08 7.381170536780946e-08 7.207776041317839e-08
-0.01 0.16699999999999998 -0.01 0.10034999999999998 5.515000000000006e-07 4.6650000000000027e-07 1.0772699999999996e-05 0.0010035318878839873 7.426008708353892e-08 7.387136728401095e-08 7.210914156115155e-08
-0.01 0.2 -0.01 0.10039000000000001 5.218e-07 9.789000000000007e-07 9.206399999999997e-06 0.0010039318951004595 7.42616895238744e-08 7.392285806380104e-08 7.230568093996888e-08
-0.01 0.2 -0.005 0.10038 4.851999999999995e-07 5.919000000000007e-07 9.143699999999993e-06 0.001003832685261842 7.418229676130547e-08 7.391131805466755e-08 7.211602006992498e-08
-0.01 0.2 0.0 0.10038 4.529000000000005e-07 2.1769999999999846e-07 9.114e-06 0.0010038318982777943 7.410474942020397e-08 7.390268062491944e-08 7.205176200864822e-08
-0.01 0.2 0.005 0.10034000000000001 4.3160000000000003e-07 -1.681999999999989e-07 9.128200000000004e-06 0.0010034335055199226 7.426257282430131e-08 7.402737527094346e-08 7.202014594949291e-08
-0.01 0.2 0.01 0.10035999999999999 3.929000000000002e-07 -5.529000000000006e-07 9.212899999999996e-06 0.001003632691775233 7.417569644472463e-08 7.391796638134647e-08 7.221955120808276e-08
-0.005 0.2 0.01 0.10034000000000001 4.1910000000000004e-07 -5.698000000000009e-07 9.183999999999997e-06 0.001003432698291221 7.40478221071575e-08 7.384871890870195e-08 7.214583176896541e-08
-0.005 0.2 0.005 0.10039 4.359999999999989e-07 -1.9339999999999912e-07 9.121099999999998e-06 0.001003931875178789 7.409077811717551e-08 7.38776858546731e-08 7.212318935754809e-08
-0.005 0.2 -0.0 0.10037 4.574999999999996e-07 1.920000000000005e-07 9.097600000000006e-06 0.0010037326885182132 7.43477013520147e-08 7.3955696762669e-08 7.2113005469882e-08
-0.005 0.2 -0.005 0.10036999999999999 5.126999999999992e-07 5.839999999999998e-07 9.075699999999999e-06 0.001003732688518213 7.422346903187461e-08 7.384917744157965e-08 7.204336337782137e-08
-0.005 0.2 -0.01 0.10040999999999999 4.817000000000002e-07 9.627999999999997e-07 9.211599999999998e-06 0.0010041326754966196 7.405491734454754e-08 7.380074284289599e-08 7.207272143661494e-08
0.0 0.2 -0.01 0.10040999999999999 4.959000000000005e-07 9.447000000000011e-07 9.169000000000005e-06 0.0010041326754966196 7.42616895238744e-08 7.389681935846193e-08 7.222293735569053e-08
0.0 0.2 -0.005 0.10038 4.807999999999993e-07 5.57299999999998e-07 9.1001e-06 0.0010038310913694595 7.42366608185556e-08 7.392777494654166e-08 7.207394551722336e-08
0.0 0.2 0.0 0.10033999999999998 4.694000000000004e-07 1.6450000000000076e-07 9.080799999999994e-06 0.0010034326982912207 7.413971092689675e-08 7.387886056289625e-08 7.202370896368468e-08
0.0 0.2 0.005 0.10033999999999998 4.5539999999999885e-07 -2.150000000000013e-07 9.102200000000004e-06 0.001003431103763482 7.408970312596086e-08 7.379299218441768e-08 7.209892161314699e-08
0.0 0.2 0.01 0.10035999999999999 4.367999999999997e-07 -6.035000000000013e-07 9.1916e-06 0.001003632691775233 7.42130944274336e-08 7.390876817367197e-08 7.209447651437576e-08
0.005 0.2 0.01 0.10037 4.6670000000000044e-07 -6.274000000000002e-07 9.181199999999994e-06 0.0010037326885182132 7.4151754984986e-08 7.386295792857012e-08 7.195331483145541e-08
0.005 0.2 0.005 0.10031 4.790000000000003e-07 -2.3350000000000036e-07 9.0835e-06 0.0010031319205368752 7.411891285235488e-08 7.377771479923098e-08 7.208871440264731e-08
0.005 0.2 -0.0 0.10031 4.7610000000000014e-07 1.465999999999995e-07 9.076700000000004e-06 0.0010031327080700738 7.424651663306686e-08 7.386095810621142e-08 7.208938258299801e-08
0.005 0.2 -0.005 0.10034000000000001 4.822999999999994e-07 5.361999999999992e-07 9.096900000000003e-06 0.0010034311037634821 7.422123647880205e-08 7.390012321145695e-08 7.210802202764782e-08
0.005 0.2 -0.01 0.10042999999999999 4.895999999999997e-07 9.331000000000006e-07 9.152699999999996e-06 0.001004331862483711 7.413869912209099e-08 7.383187436368646e-08 7.209770731805902e-08
0.01 0.2 -0.01 0.10029999999999999 4.887000000000003e-07 8.988999999999997e-07 9.1696e-06 0.0010030319237192803 7.425558093819721e-08 7.375562803614109e-08 7.21149188387594e-08
0.01 0.2 -0.005 0.10036999999999999 4.910999999999998e-07 5.173000000000011e-07 9.0972e-06 0.001003732688518213 7.429741145136852e-08 7.37781360238264e-08 7.205230474331603e-08
0.01 0.2 0.0 0.10033 4.83299999999999e-07 1.7530000000000046e-07 9.076200000000001e-06 0.0010033327015501886 7.416992109942381e-08 7.362599525406215e-08 7.213003290164596e-08
0.01 0.2 0.005 0.10033999999999998 4.882999999999998e-07 -2.476999999999979e-07 9.109299999999993e-06 0.0010034318910618696 7.417174182797882e-08 7.371268877819613e-08 7.205787446663081e-08
0.01 0.2 0.01 0.10035 4.901000000000003e-07 -6.212999999999997e-07 9.182200000000007e-06 0.0010035326950329022 7.421950128319297e-08 7.375665152628654e-08 7.218552590741127e-08
0.01 0.233 0.01 0.10038 2.6300000000000075e-07 -1.1826999999999976e-06 5.711700000000003e-06 0.0010038318783541396 7.426927784326554e-08 7.389438319293535e-08 7.215872784155794e-08
0.01 0.233 0.005 0.10028999999999999 3.0010000000000036e-07 -8.957999999999993e-07 5.6942e-06 0.0010029311192699126 7.420267869139239e-08 7.381381362971449e-08 7.203608899834453e-08
0.01 0.233 -0.0 0.10038 3.23699999999999e-07 1.2000000000000898e-08 5.640599999999996e-06 0.001003832685261842 7.425677343604261e-08 7.366667811865476e-08 7.202651777453993e-08
0.01 0.233 -0.005 0.10035999999999999 3.2879999999999993e-07 6.556999999999993e-07 5.652399999999996e-06 0.0010036318847067385 7.431170519436525e-08 7.372671293277743e-08 7.218518820678573e-08
0.01 0.233 -0.01 0.10038 3.3540000000000095e-07 1.3457000000000012e-06 5.660000000000004e-06 0.001003832685261842 7.431067867421027e-08 7.370014797132095e-08 7.214888881253796e-08
0.005 0.233 -0.01 0.10033999999999998 3.1850000000000074e-07 1.367700000000001e-06 5.6610999999999965e-06 0.0010034326982912207 7.424068038494298e-08 7.359470308387263e-08 7.203670225116518e-08
0.005 0.233 -0.005 0.10035 3.1120000000000035e-07 6.920999999999997e-07 5.654599999999998e-06 0.0010035326950329022 7.431957518008503e-08 7.367478506679276e-08 7.216450410549087e-08
0.005 0.233 0.0 0.10038 3.111000000000003e-07 3.589999999999982e-08 5.648300000000001e-06 0.0010038318783541396 7.43355028040706e-08 7.371719969682446e-08 7.218149081917104e-08
0.005 0.233 0.005 0.10039 2.9919999999999945e-07 -6.323999999999997e-07 5.665799999999998e-06 0.0010039326820061195 7.422372949886541e-08 7.366784060996294e-08 7.207235722916501e-08
0.005 0.233 0.01 0.10035 2.937000000000009e-07 -1.2775999999999982e-06 5.6834999999999965e-06 0.0010035326950329022 7.426953299066064e-08 7.373097015751458e-08 7.214095221825945e-08
-0.0 0.233 0.01 0.10034000000000001 2.9600000000000043e-07 -1.2576000000000005e-06 5.675799999999997e-06 0.0010034318910618698 7.438382635960557e-08 7.370768629348512e-08 7.219085986425223e-08
-0.0 0.233 0.005 0.10042 2.961999999999992e-07 -5.945999999999979e-07 5.668200000000001e-06 0.0010042326722428422 7.431223833611607e-08 7.375505654454073e-08 7.210079250243762e-08
-0.0 0.233 -0.0 0.10035 2.9710000000000014e-07 7.390000000000174e-08 5.6529999999999965e-06 0.0010035318878839875 7.416269260298127e-08 7.366168235450397e-08 7.211270094300534e-08
-0.0 0.233 -0.005 0.10026 2.9890000000000054e-07 7.28899999999999e-07 5.654400000000004e-06 0.001002631916507748 7.421667868910537e-08 7.362570710650376e-08 7.20647312933861e-08
-0.0 0.233 -0.01 0.10031 2.911999999999998e-07 1.3985999999999998e-06 5.6742000000000015e-06 0.0010031327080700738 7.42218149715843e-08 7.362667880452574e-08 7.203367849658366e-08
-0.005 0.233 -0.01 0.10035999999999999 2.8970000000000107e-07 1.4503999999999989e-06 5.652000000000001e-06 0.001003632691775233 7.414971083149714e-08 7.358673444633681e-08 7.208572211795078e-08
-0.005 0.233 -0.005 0.1004 2.887000000000001e-07 7.686000000000012e-07 5.6495000000000016e-06 0.0010040326787510456 7.420670615057898e-08 7.362770708662885e-08 7.206504291441696e-08
-0.005 0.233 0.0 0.10035999999999999 2.916000000000002e-07 1.0890000000000066e-07 5.6481e-06 0.001003632691775233 7.431371045267564e-08 7.381473514132686e-08 7.223377299422883e-08
-0.005 0.233 0.005 0.1003 2.931000000000003e-07 -5.485999999999991e-07 5.652799999999997e-06 0.0010030319037797352 7.429310215832399e-08 7.37936977423354e-08 7.217694753455348e-08
-0.005 0.233 0.01 0.10028999999999999 2.898000000000012e-07 -1.2291999999999998e-06 5.675000000000002e-06 0.0010029327145925594 7.412191894861679e-08 7.376670167877336e-08 7.225289729892713e-08
-0.01 0.233 0.01 0.10043999999999999 2.899000000000013e-07 -1.2022999999999978e-06 5.664000000000002e-06 0.0010044318593115213 7.432258647851108e-08 7.374675782775332e-08 7.226047100804353e-08
-0.01 0.233 0.005 0.10039999999999998 2.849999999999991e-07 -5.20799999999999e-07 5.647399999999997e-06 0.0010040326787510451 7.441371741091187e-08 7.377972096618882e-08 7.216589287943751e-08
-0.01 0.233 -0.0 0.10032 2.800999999999998e-07 1.4049999999999896e-07 5.6440999999999965e-06 0.0010032318974195348 7.426867868076827e-08 7.367368233734902e-08 7.215569507357259e-08
-0.01 0.233 -0.005 0.10035999999999999 2.808000000000005e-07 8.198000000000011e-07 5.633900000000003e-06 0.001003632691775233 7.427073429798676e-08 7.366967963943842e-08 7.218771907949505e-08
-0.01 0.233 -0.01 0.10033 2.7460000000000125e-07 1.498200000000001e-06 5.651899999999998e-06 0.0010033319141739688 7.452686731731879e-08 7.38087304100146e-08 7.214372033715357e-08
-0.01 0.267 -0.01 0.10033 3.289999999999959e-08 7.744e-07 1.8069999999999975e-06 0.0010033319141739688 7.433763083408958e-08 7.377979688468517e-08 7.217392177573993e-08
-0.01 0.267 -0.005 0.10034999999999998 6.209999999999965e-08 4.1310000000000097e-07 1.8793000000000004e-06 0.0010035318878839873 7.428568161515654e-08 7.372168625547538e-08 7.2168765907507e-08
-0.01 0.267 0.0 0.10037 8.910000000000029e-08 5.259999999999987e-08 1.910299999999998e-06 0.0010037319014557621 7.431083867063019e-08 7.375934996062135e-08 7.219278742636455e-08
-0.01 0.267 0.005 0.10035999999999999 1.2659999999999892e-07 -2.985999999999989e-07 1.8718000000000013e-06 0.0010036318847067385 7.445776151778e-08 7.386070097571468e-08 7.226548228638779e-08
-0.01 0.267 0.01 0.10032 1.5419999999999877e-07 -6.598999999999994e-07 1.8110000000000016e-06 0.0010032318974195348 7.43212813923474e-08 7.374968618050651e-08 7.212378037963943e-08
-0.005 0.267 0.01 0.10035 1.2770000000000004e-07 -6.796999999999997e-07 1.8324999999999981e-06 0.0010035318878839875 7.430372835487468e-08 7.366172708470056e-08 7.213402909434558e-08
-0.005 0.267 0.005 0.10035999999999999 1.1299999999999921e-07 -3.2100000000000183e-07 1.8975999999999992e-06 0.0010036318847067385 7.437685787420413e-08 7.374553231614102e-08 7.220796232681299e-08
-0.005 0.267 -0.0 0.10031 9.899999999999909e-08 3.439999999999832e-08 1.9264000000000003e-06 0.0010031311130654856 7.436292181260509e-08 7.375157864317048e-08 7.224995132377463e-08
-0.005 0.267 -0.005 0.10033999999999998 9.399999999999964e-08 4.050999999999985e-07 1.8842000000000026e-06 0.0010034318910618696 7.431586798882803e-08 7.370068079423885e-08 7.213274211158897e-08
-0.005 0.267 -0.01 0.10032 6.68999999999989e-08 7.568999999999993e-07 1.8367999999999995e-06 0.0010032318974195348 7.43000125973569e-08 7.372880800320248e-08 7.225571727673457e-08
0.0 0.267 -0.01 0.10042 1.0659999999999975e-07 7.34399999999999e-07 1.8492000000000009e-06 0.0010042326722428422 7.431970929058996e-08 7.37857641337119e-08 7.212386529663225e-08
0.0 0.267 -0.005 0.10034000000000001 1.0690000000000005e-07 3.816000000000014e-07 1.9106000000000012e-06 0.0010034318910618698 7.423970999722995e-08 7.38548842187697e-08 7.217774730584396e-08
0.0 0.267 0.0 0.10033999999999998 1.006999999999994e-07 1.6700000000000047e-08 1.9352000000000035e-06 0.0010034326982912207 7.423967826033795e-08 7.37688671252402e-08 7.218690709818334e-08
0.0 0.267 0.005 0.10031999999999999 1.0000000000000009e-07 -3.4490000000000077e-07 1.9088999999999967e-06 0.0010032327048098064 7.434873309350052e-08 7.375948181846883e-08 7.225253219735352e-08
0.0 0.267 0.01 0.10031 8.910000000000029e-08 -7.01199999999999e-07 1.848500000000003e-06 0.0010031327080700738 7.435833709394288e-08 7.377934558190327e-08 7.224427650154384e-08
0.005 0.267 0.01 0.10040999999999999 6.849999999999911e-08 -7.234999999999992e-07 1.8305999999999988e-06 0.0010041326754966196 7.425372906381487e-08 7.370274496282786e-08 7.21396987623125e-08
0.005 0.267 0.005 0.10035 8.760000000000018e-08 -3.6500000000000143e-07 1.8972000000000045e-06 0.0010035326950329022 7.4439716600623e-08 7.380979573500945e-08 7.214776962583167e-08
0.005 0.267 -0.0 0.10027999999999998 1.0339999999999932e-07 -3.4000000000006248e-09 1.9235999999999976e-06 0.0010028327178547775 7.439256920884198e-08 7.379696391229086e-08 7.225342501947809e-08
0.005 0.267 -0.005 0.10033 1.2049999999999976e-07 3.5329999999999944e-07 1.9071000000000006e-06 0.0010033319141739688 7.424270586486514e-08 7.39147087052753e-08 7.207482473834049e-08
0.005 0.267 -0.01 0.10033999999999998 1.4020000000000005e-07 7.238999999999995e-07 1.8415000000000016e-06 0.0010034318910618696 7.419574138924254e-08 7.390429957399352e-08 7.217469997641509e-08
0.01 0.267 -0.01 0.10035999999999999 1.7130000000000061e-07 6.909000000000012e-07 1.8206999999999972e-06 0.0010036319046343634 7.438929334724282e-08 7.383118064228777e-08 7.217056921048319e-08
0.01 0.267 -0.005 0.1003 1.346e-07 3.3190000000000164e-07 1.8878999999999978e-06 0.0010030319037797352 7.444005045190335e-08 7.380311534518014e-08 7.211304326368653e-08
0.01 0.267 0.0 0.10033 1.0580000000000034e-07 -1.790000000000125e-08 1.8973999999999992e-06 0.0010033327015501886 7.422882365288156e-08 7.387172383170606e-08 7.211404834778177e-08
0.01 0.267 0.005 0.10041999999999998 7.529999999999897e-08 -3.7510000000000044e-07 1.8740000000000034e-06 0.0010042326722428422 7.424776646926179e-08 7.390372337357991e-08 7.210816801128368e-08
0.01 0.267 0.01 0.10042 4.090000000000066e-08 -7.189000000000001e-07 1.8129000000000007e-06 0.00100423107898531 7.434376413470227e-08 7.392683731869445e-08 7.207288955598744e-08
0.01 0.3 0.01 0.10035999999999999 1.1300000000000199e-08 -2.0369999999999834e-07 5.245999999999973e-07 0.001003632691775233 7.437670866953673e-08 7.402118623675385e-08 7.210206016539822e-08
0.01 0.3 0.005 0.10048999999999998 2.1000000000000185e-08 -1.0809999999999986e-07 5.454000000000015e-07 0.0010049318434600426 7.420079043776428e-08 7.3925847476558e-08 7.217760006613526e-08
0.01 0.3 -0.0 0.10032 3.4900000000000207e-08 -3.200000000000425e-09 5.469000000000001e-07 0.0010032327048098064 7.437195139444284e-08 7.402013517382257e-08 7.21637555426071e-08
0.01 0.3 -0.005 0.10035 4.120000000000096e-08 9.20000000000018e-08 5.510000000000015e-07 0.0010035318878839875 7.434225986770021e-08 7.40540084941935e-08 7.22693570464651e-08
0.01 0.3 -0.01 0.10039000000000001 4.769999999999913e-08 1.9490000000000064e-07 5.291999999999963e-07 0.0010039318951004595 7.424268717866579e-08 7.392370441795577e-08 7.212616178157708e-08
0.005 0.3 -0.01 0.10037 4.4199999999999794e-08 2.0420000000000023e-07 5.313000000000012e-07 0.0010037326885182132 7.424782329520604e-08 7.391577562107181e-08 7.220271163034275e-08
0.005 0.3 -0.005 0.10041999999999998 3.620000000000012e-08 9.819999999999967e-08 5.579000000000001e-07 0.0010042326722428422 7.410419104775935e-08 7.393290219528258e-08 7.222194248996773e-08
0.005 0.3 0.0 0.10041000000000001 3.159999999999968e-08 3.800000000001025e-09 5.581999999999976e-07 0.0010041310820804224 7.416915321615076e-08 7.390774708882102e-08 7.217271231798117e-08
0.005 0.3 0.005 0.10035999999999999 2.370000000000011e-08 -1.0319999999999773e-07 5.548999999999971e-07 0.0010036319046343634 7.411373115967543e-08 7.393070855329353e-08 7.201814666512156e-08
0.005 0.3 0.01 0.10036999999999999 2.349999999999991e-08 -2.043000000000017e-07 5.284999999999984e-07 0.0010037318815301227 7.412170289135871e-08 7.384227228137764e-08 7.206668401834694e-08
-0.0 0.3 0.01 0.10038 3.0099999999999575e-08 -1.9270000000000122e-07 5.27500000000003e-07 0.0010038310913694595 7.425477856869846e-08 7.394191348612647e-08 7.20098008996112e-08
-0.0 0.3 0.005 0.10028999999999999 3.110000000000057e-08 -9.810000000000096e-08 5.554999999999977e-07 0.0010029327145925594 7.405569620530242e-08 7.397669342786566e-08 7.206168144951667e-08
-0.0 0.3 -0.0 0.10035999999999999 3.000000000000086e-08 5.1999999999996495e-09 5.655000000000021e-07 0.0010036318847067385 7.405978695534549e-08 7.392468060776394e-08 7.2050799008724e-08
-0.0 0.3 -0.005 0.10038 3.569999999999962e-08 1.11399999999999e-07 5.516999999999994e-07 0.0010038318783541396 7.438200512669967e-08 7.402750370948706e-08 7.209511229910538e-08
-0.0 0.3 -0.01 0.10038 3.090000000000037e-08 2.0870000000000054e-07 5.369999999999986e-07 0.0010038318783541396 7.421354665743836e-08 7.386787212599735e-08 7.206516252240402e-08
-0.005 0.3 -0.01 0.10037 2.0900000000000085e-08 2.1489999999999981e-07 5.324999999999969e-07 0.0010037318815301227 7.412470682386506e-08 7.384367955497744e-08 7.198067811865476e-08
-0.005 0.3 -0.005 0.10033999999999998 2.6799999999999046e-08 1.1660000000000143e-07 5.504999999999983e-07 0.0010034326982912207 7.418079310234045e-08 7.382631513217222e-08 7.212942404375903e-08
-0.005 0.3 0.0 0.10037 2.8199999999999058e-08 7.599999999999274e-09 5.65199999999999e-07 0.0010037326885182132 7.419474528218648e-08 7.389128246374391e-08 7.208587046883708e-08
-0.005 0.3 0.005 0.10034999999999998 3.579999999999972e-08 -8.720000000000116e-08 5.505000000000038e-07 0.0010035318878839873 7.40965088882001e-08 7.375804058478837e-08 7.20254145941509e-08
-0.005 0.3 0.01 0.10033999999999998 3.700000000000092e-08 -1.902999999999988e-07 5.335000000000034e-07 0.0010034326982912207 7.407070728519484e-08 7.39266837156648e-08 7.206468402706136e-08
-0.01 0.3 0.01 0.10043999999999999 4.689999999999972e-08 -1.8569999999999976e-07 5.261999999999989e-07 0.0010044326657372307 7.413441438186196e-08 7.398546971507734e-08 7.21149188387594e-08
-0.01 0.3 0.005 0.10038 3.9199999999998955e-08 -7.889999999999841e-08 5.425000000000013e-07 0.0010038318982777943 7.417400888541672e-08 7.381172471617631e-08 7.194179549729905e-08
-0.01 0.3 -0.0 0.10038 2.909999999999996e-08 1.6700000000000047e-08 5.537999999999987e-07 0.001003832685261842 7.406276403640805e-08 7.368075959901856e-08 7.203099701952682e-08
-0.01 0.3 -0.005 0.10033 1.820000000000016e-08 1.1930000000000134e-07 5.458999999999992e-07 0.0010033318942403854 7.42135917630371e-08 7.372091797620763e-08 7.203876320629034e-08
-0.01 0.3 -0.01 0.10037999999999998 1.17000000000006e-08 2.2009999999999946e-07 5.188999999999999e-07 0.0010038326852618417 7.420102623882845e-08 7.37060789265601e-08 7.206075959767742e-08
0.0 0.0 0.0 0.10035 4.870000000000013e-08 -1.16000000000005e-08 4.163000000000028e-07 0.0010035319078135982 7.41800529902995e-08 7.362431673728954e-08 7.190838008492183e-08
