-0.01 0.0 -0.01 0.1001 4.800000000000637e-09 -1.9299999999999872e-08 8.079999999999753e-08 0.0010010319675215172 7.392967827398249e-08 7.263268228098115e-08 7.141168453802622e-08
-0.01 0.0 -0.005 0.10007999999999999 -6.40000000000085e-09 -1.29000000000018e-08 1.0249999999999981e-07 0.0010008311845661085 7.470269064368521e-08 7.227567843814354e-08 7.163671267524538e-08
-0.01 0.0 0.0 0.10005 -3.000000000003e-10 1.2000000000012e-09 9.979999999999989e-08 0.0010005327930657747 7.476375522130159e-08 7.228998239586039e-08 7.157334839170235e-08
-0.01 0.0 0.005 0.1001 -1.0999999999997123e-09 2.0699999999998498e-08 9.709999999999996e-08 0.001001032776686158 7.467268013783648e-08 7.236976521703145e-08 7.15747614479697e-08
-0.01 0.0 0.01 0.10005999999999998 3.699999999999537e-09 2.409999999999912e-08 9.930000000000217e-08 0.001000632000287818 7.387968206311427e-08 7.272968430982902e-08 7.138584476475037e-08
-0.005 0.0 0.01 0.10012 1.0999999999997123e-09 3.060000000000007e-08 9.409999999999696e-08 0.0010012319811112708 7.392069369494096e-08 7.265294174648698e-08 7.135416393823434e-08
-0.005 0.0 0.005 0.10011 8.000000000008001e-10 1.6900000000000247e-08 9.600000000000164e-08 0.0010011319643283797 7.392367951921467e-08 7.268573507985866e-08 7.136346292239945e-08
-0.005 0.0 -0.0 0.10007999999999999 -3.999999999999837e-09 -4.0000000000012245e-09 1.0920000000000374e-07 0.0010008319739097068 7.39369781666974e-08 7.269798634839669e-08 7.137659853432018e-08
-0.005 0.0 -0.005 0.10012999999999998 -6.7999999999998615e-09 -1.0999999999999898e-08 1.0299999999999753e-07 0.0010013319579440176 7.385067875559737e-08 7.275869374359516e-08 7.140491150880536e-08
-0.005 0.0 -0.01 0.10005999999999998 -3.799999999999637e-09 -2.3200000000001e-08 9.429999999999716e-08 0.0010006319803004498 7.390776085139722e-08 7.267779021510477e-08 7.137060690269133e-08
0.0 0.0 -0.01 0.1001 -5.600000000000049e-09 -2.8799999999998273e-08 1.0080000000000089e-07 0.0010010319675215172 7.391774687376432e-08 7.267674322439261e-08 7.13689819998525e-08
0.0 0.0 -0.005 0.10011 -4.899999999999349e-09 -7.299999999998974e-09 1.0030000000000317e-07 0.0010011319643283797 7.391171326372892e-08 7.271169835843246e-08 7.137807455256792e-08
0.0 0.0 0.0 0.10013999999999999 -6.599999999999662e-09 -1.8999999999991245e-09 1.0830000000000006e-07 0.001001431954752793 7.387172383170606e-08 7.275069380486896e-08 7.138275251929802e-08
0.0 0.0 0.005 0.10003 -1.4000000000000123e-09 1.3199999999999324e-08 1.0170000000000457e-07 0.0010003312001532292 7.391885828815896e-08 7.280385226334507e-08 7.142265143276141e-08
0.0 0.0 0.01 0.10011 -2.4999999999997246e-09 3.3099999999999793e-08 9.629999999999916e-08 0.0010011311752213094 7.379403635278845e-08 7.291675155351589e-08 7.148150235283529e-08
0.005 0.0 0.01 0.10012 -2.099999999999325e-09 2.649999999999875e-08 9.540000000000104e-08 0.0010012327701388924 7.37779795384699e-08 7.293959713916672e-08 7.151086934579988e-08
0.005 0.0 0.005 0.10008999999999998 -3.000000000003e-10 1.6399999999999746e-08 9.609999999999896e-08 0.001000931181450553 7.386693159390036e-08 7.276295977573792e-08 7.139769631346476e-08
0.005 0.0 -0.0 0.10009 -3.099999999998937e-09 3.299999999997749e-09 9.939999999999949e-08 0.001000931970715293 7.392268372263493e-08 7.267867913491465e-08 7.13506359297642e-08
0.005 0.0 -0.005 0.10007999999999999 -4.500000000000337e-09 -1.6700000000000047e-08 1.0569999999999746e-07 0.0010008327832360408 7.392674030710821e-08 7.266777034949111e-08 7.142066403400802e-08
0.005 0.0 -0.01 0.10011999999999997 -6.000000000000449e-09 -2.5900000000000923e-08 1.0120000000000129e-07 0.0010012319811112706 7.394468059237057e-08 7.264869463045232e-08 7.136275480126194e-08
0.01 0.0 -0.01 0.10004 -4.0000000000040006e-10 -2.6799999999999046e-08 9.549999999999836e-08 0.0010004319866937482 7.404675065983248e-08 7.275170776077169e-08 7.148742260688753e-08
0.01 0.0 -0.005 0.10016 -4.200000000000037e-09 -1.7599999999998172e-08 1.0369999999999546e-07 0.0010016311596590833 7.395782609803605e-08 7.269973467893654e-08 7.141685939849727e-08
0.01 0.0 0.0 0.10009 -6.7999999999998615e-09 3.6999999999981492e-09 1.0270000000000001e-07 0.001000931970715293 7.395975952729937e-08 7.274037021353024e-08 7.138598545609454e-08
0.01 0.0 0.005 0.10008999999999998 -7.500000000000562e-09 1.3799999999999923e-08 1.0410000000000142e-07 0.001000931181450553 7.394273999925048e-08 7.284189467264452e-08 7.148912786012815e-08
0.01 0.0 0.01 0.10006000000000001 -2.5999999999998248e-09 2.6799999999999046e-08 9.409999999999696e-08 0.00100063198030045 7.486806888691314e-08 7.236311510686339e-08 7.162434873764171e-08
0.01 0.026000000000000002 0.01 0.10007999999999999 -1.5000000000001124e-08 6.289999999999907e-08 1.9959999999999978e-07 0.0010008319739097068 7.475968120583561e-08 7.23077911390763e-08 7.156669914643387e-08
0.01 0.026000000000000002 0.005 0.10011999999999997 -1.4000000000000124e-08 2.9000000000001246e-08 2.0940000000000403e-07 0.0010012319611358796 7.434189885003422e-08 7.249525425880681e-08 7.149298879862787e-08
0.01 0.026000000000000002 -0.0 0.10014999999999999 -9.299999999999587e-09 3.500000000000725e-09 2.0399999999999862e-07 0.0010015319515622055 7.39600475959534e-08 7.269238697719074e-08 7.14211962394652e-08
0.01 0.026000000000000002 -0.005 0.10008 -7.900000000000962e-09 -3.419999999999812e-08 2.0709999999999896e-07 0.0010008319739097068 7.391770446715893e-08 7.268070349920192e-08 7.135357779978704e-08
0.01 0.026000000000000002 -0.01 0.10003 -2.5999999999998248e-09 -6.330000000000224e-08 1.9679999999999697e-07 0.0010003319898913559 7.391068061865378e-08 7.265767837546008e-08 7.136468117675158e-08
0.005 0.026000000000000002 -0.01 0.10005999999999998 -6.1999999999992614e-09 -5.6900000000001396e-08 1.9750000000000046e-07 0.0010006311907990876 7.387394383623208e-08 7.264845880800017e-08 7.140555220796878e-08
0.005 0.026000000000000002 -0.005 0.10007999999999999 -8.099999999999775e-09 -3.130000000000077e-08 2.0700000000000163e-07 0.0010008319739097068 7.39027088202615e-08 7.268570875132859e-08 7.137083113122079e-08
0.005 0.026000000000000002 0.0 0.10012 -1.0099999999998999e-08 1.6999999999989246e-09 2.0939999999999847e-07 0.0010012319611358799 7.379568217051596e-08 7.275874061770111e-08 7.143810784034614e-08
0.005 0.026000000000000002 0.005 0.10014999999999999 -9.900000000000186e-09 3.3800000000000495e-08 2.0580000000000043e-07 0.0010015319515622055 7.379868070932724e-08 7.282498462434403e-08 7.140696541568092e-08
0.005 0.026000000000000002 0.01 0.10017 -1.330000000000081e-08 6.209999999999827e-08 2.0540000000000003e-07 0.0010017311565485023 7.380997642633667e-08 7.279216460672044e-08 7.136241579594525e-08
-0.0 0.026000000000000002 0.01 0.10016 -1.209999999999961e-08 6.710000000000049e-08 2.0560000000000023e-07 0.001001631948372255 7.385070104850734e-08 7.274369803985573e-08 7.136178794042064e-08
-0.0 0.026000000000000002 0.005 0.10004 -3.799999999999637e-09 3.549999999999942e-08 2.0399999999999862e-07 0.0010004319866937482 7.38707091311608e-08 7.273170805410846e-08 7.136167427839765e-08
-0.0 0.026000000000000002 -0.0 0.10010999999999999 -1.0300000000000587e-08 -7.999999999980245e-10 2.1459999999999812e-07 0.0010011319643283795 7.384868066804825e-08 7.271071411833076e-08 7.134190707870016e-08
-0.0 0.026000000000000002 -0.005 0.10003000000000001 -9.199999999999487e-09 -2.409999999999912e-08 2.045000000000019e-07 0.0010003312001532294 7.386769728235966e-08 7.263189700259276e-08 7.131279770810523e-08
-0.0 0.026000000000000002 -0.01 0.10003 -1.0100000000000387e-08 -6.170000000000064e-08 2.0319999999999782e-07 0.0010003327996222057 7.384997262538712e-08 7.269806081959587e-08 7.136487380803218e-08
-0.005 0.026000000000000002 -0.01 0.10003 -2.2400000000000197e-08 -6.330000000000224e-08 2.1809999999999886e-07 0.0010003327996222057 7.38877236014894e-08 7.26597214737395e-08 7.1402435301487e-08
-0.005 0.026000000000000002 -0.005 0.10011 -8.400000000000074e-09 -2.2700000000000498e-08 2.041000000000015e-07 0.0010011327734121985 7.390184875025689e-08 7.268750638636037e-08 7.140845888651814e-08
-0.005 0.026000000000000002 0.0 0.10010999999999999 -8.800000000000474e-09 1.4999999999987245e-09 2.1170000000000354e-07 0.0010011319643283795 7.389008718324522e-08 7.272475855398995e-08 7.141308683158477e-08
-0.005 0.026000000000000002 0.005 0.10006000000000001 -7.100000000000162e-09 3.650000000000042e-08 2.0879999999999787e-07 0.00100063198030045 7.38306838878802e-08 7.2679708844672e-08 7.137655798770022e-08
-0.005 0.026000000000000002 0.01 0.10006000000000001 -6.699999999999761e-09 6.789999999999852e-08 2.035000000000009e-07 0.0010006327897885419 7.386676937208834e-08 7.267067913906266e-08 7.140480202690169e-08
-0.01 0.026000000000000002 0.01 0.10008999999999998 -3.3999999999992368e-09 6.339999999999956e-08 2.0729999999999916e-07 0.001000931970715293 7.385797187679047e-08 7.270770841386812e-08 7.142968298651033e-08
-0.01 0.026000000000000002 0.005 0.10008 4.700000000000537e-09 4.190000000000027e-08 1.9150000000000001e-07 0.0010008311845661085 7.383968211353875e-08 7.269275985259007e-08 7.138022274002065e-08
-0.01 0.026000000000000002 -0.0 0.1001 -7.699999999999374e-09 5.600000000000049e-09 2.0850000000000036e-07 0.00100103117833562 7.380278743108212e-08 7.279127899340225e-08 7.139650316923252e-08
-0.01 0.026000000000000002 -0.005 0.10008999999999998 -1.229999999999981e-08 -2.909999999999857e-08 2.0959999999999867e-07 0.001000931181450553 7.383792131354703e-08 7.278008431367787e-08 7.147580425204715e-08
-0.01 0.026000000000000002 -0.01 0.09998 -1.3100000000000612e-08 -5.259999999999987e-08 1.9589999999999886e-07 0.0009998320058889894 7.38555024380723e-08 7.272875839456054e-08 7.144174993455248e-08
-0.01 0.053 -0.01 0.10007999999999999 -4.119999999999957e-08 -1.6930000000000001e-07 4.790999999999989e-07 0.0010008311845661085 7.372169156930556e-08 7.276067811865475e-08 7.148077161947138e-08
-0.01 0.053 -0.005 0.10006000000000001 -3.389999999999921e-08 -7.739999999999969e-08 4.975000000000007e-07 0.0010006311907990878 7.37256796111917e-08 7.277677492180799e-08 7.144281198619538e-08
-0.01 0.053 0.0 0.10014999999999999 -2.5400000000000423e-08 2.399999999999625e-09 5.120999999999987e-07 0.0010015319515622055 7.37720088750416e-08 7.268151195234039e-08 7.141108942638758e-08
-0.01 0.053 0.005 0.10008999999999998 -1.16000000000005e-08 9.530000000000094e-08 4.979000000000011e-07 0.001000931970715293 7.378468397421196e-08 7.26817351954539e-08 7.139072517585006e-08
-0.01 0.053 0.01 0.10013999999999999 -1.0299999999999199e-08 1.8409999999999816e-07 4.872999999999961e-07 0.001001431954752793 7.375771503999326e-08 7.269976886570477e-08 7.134368522761958e-08
-0.005 0.053 0.01 0.09999999999999999 -1.6200000000000936e-08 1.7609999999999849e-07 4.94e-07 0.0010000319994880164 7.379873057934904e-08 7.269988952019056e-08 7.130374641151823e-08
-0.005 0.053 0.005 0.10011 -2.1000000000000185e-08 9.369999999999934e-08 5.074999999999996e-07 0.0010011311752213094 7.376873109399708e-08 7.269781122944527e-08 7.138894945079257e-08
-0.005 0.053 -0.0 0.1001 -2.420000000000061e-08 3.4999999999979493e-09 5.108999999999975e-07 0.0010010319675215172 7.379267876758396e-08 7.272868703835755e-08 7.134044156630793e-08
-0.005 0.053 -0.005 0.10012 -3.0199999999999675e-08 -9.170000000000011e-08 5.083000000000004e-07 0.0010012327701388924 7.3822709609498e-08 7.268368039944411e-08 7.134887087950371e-08
-0.005 0.053 -0.01 0.10011999999999997 -3.559999999999952e-08 -1.7019999999999812e-07 4.816999999999961e-07 0.0010012311721076205 7.384270940840906e-08 7.271178831052327e-08 7.133802969472673e-08
0.0 0.053 -0.01 0.10005 -2.5799999999999434e-08 -1.7780000000000018e-07 4.827999999999998e-07 0.0010005311939165116 7.387068381485216e-08 7.2679708844672e-08 7.135525084535051e-08
0.0 0.053 -0.005 0.10006000000000001 -2.7299999999999546e-08 -9.510000000000074e-08 5.087000000000008e-07 0.0010006327897885419 7.385367955040754e-08 7.264579206878793e-08 7.133583409919082e-08
0.0 0.053 0.0 0.1001 -2.5000000000000022e-08 2.6999999999999245e-09 5.095999999999989e-07 0.0010010319675215172 7.388101185503015e-08 7.27007595240249e-08 7.139497776062456e-08
0.0 0.053 0.005 0.10006999999999999 -2.849999999999936e-08 8.670000000000066e-08 5.139000000000005e-07 0.0010007303982591913 7.390455883026564e-08 7.273871362130258e-08 7.139181980729229e-08
0.0 0.053 0.01 0.10014999999999999 -2.2000000000001186e-08 1.7699999999999937e-07 4.886000000000002e-07 0.001001532760322896 7.381693567397756e-08 7.276292761615744e-08 7.139813284443676e-08
0.005 0.053 0.01 0.10006000000000001 -3.379999999999911e-08 1.7579999999999817e-07 4.844000000000015e-07 0.0010006327897885419 7.384667875640979e-08 7.268072786421958e-08 7.134971645866261e-08
0.005 0.053 0.005 0.10003999999999999 -3.250000000000058e-08 8.039999999999991e-08 5.090999999999957e-07 0.0010004311970345586 7.389405525622422e-08 7.273768033868314e-08 7.142467671809315e-08
0.005 0.053 -0.0 0.10017 -2.6299999999999934e-08 -7.00000000000145e-09 5.11199999999995e-07 0.0010017311565485023 7.382967956142455e-08 7.275968031484685e-08 7.135405048361925e-08
0.005 0.053 -0.005 0.10007999999999999 -2.1699999999999496e-08 -9.550000000000114e-08 5.014000000000019e-07 0.0010008327832360408 7.379070149518943e-08 7.281793652710874e-08 7.1469678777416e-08
0.005 0.053 -0.01 0.10006999999999999 -1.7499999999999462e-08 -1.8519999999999925e-07 4.832000000000003e-07 0.001000731977104759 7.381069424764505e-08 7.274569015793118e-08 7.142285787124535e-08
0.01 0.053 -0.01 0.10006000000000001 -8.299999999999973e-09 -1.822000000000018e-07 4.7250000000000347e-07 0.00100063198030045 7.386910620870209e-08 7.277914615079835e-08 7.151676744372984e-08
0.01 0.053 -0.005 0.10006999999999999 -1.7399999999999362e-08 -9.870000000000157e-08 4.956000000000016e-07 0.0010007311876822865 7.386282088191914e-08 7.273696338978516e-08 7.139951772262654e-08
0.01 0.053 0.0 0.10005 -2.6400000000000035e-08 -1.3299999999999423e-08 5.064999999999987e-07 0.0010005320034861453 7.394821576322354e-08 7.268669431292038e-08 7.144705438117277e-08
0.01 0.053 0.005 0.10010999999999999 -3.4099999999999405e-08 8.289999999999964e-08 4.958000000000018e-07 0.0010011327734121983 7.387068065029932e-08 7.269568038565599e-08 7.135872749948928e-08
0.01 0.053 0.01 0.10010000000000001 -4.379999999999939e-08 1.6369999999999996e-07 4.827999999999998e-07 0.001001031987500899 7.390769704259e-08 7.268476018381821e-08 7.137918391518909e-08
0.01 0.079 0.01 0.10012999999999998 -1.0789999999999966e-07 4.499000000000003e-07 1.2336000000000014e-06 0.0010013311689945539 7.38816971977522e-08 7.271068211865075e-08 7.135492962233946e-08
0.01 0.079 0.005 0.1001 -8.669999999999927e-08 2.032000000000006e-07 1.2851000000000002e-06 0.00100103117833562 7.38806837968831e-08 7.272780924974168e-08 7.137311302111688e-08
0.01 0.079 -0.0 0.10007999999999999 -6.659999999999999e-08 -4.799999999999805e-08 1.2996999999999981e-06 0.0010008327832360408 7.382370526277027e-08 7.273588576232984e-08 7.136468117675158e-08
0.01 0.079 -0.005 0.10010999999999999 -4.339999999999899e-08 -2.8610000000000027e-07 1.271e-06 0.0010011327734121983 7.382771421084233e-08 7.273869389768607e-08 7.138014507078906e-08
0.01 0.079 -0.01 0.10010999999999999 -1.810000000000006e-08 -5.275000000000002e-07 1.2149999999999994e-06 0.0010011319643283795 7.386067875357533e-08 7.27116783685298e-08 7.13352195504269e-08
0.005 0.079 -0.01 0.10007999999999999 -4.129999999999967e-08 -5.227000000000009e-07 1.2317999999999996e-06 0.0010008319739097068 7.383684190195211e-08 7.271335332946653e-08 7.137671115086863e-08
0.005 0.079 -0.005 0.10012 -5.830000000000002e-08 -2.7920000000000165e-07 1.2942000000000009e-06 0.0010012319811112708 7.38397485876599e-08 7.26906791287555e-08 7.133699752598619e-08
0.005 0.079 0.0 0.10014999999999999 -7.289999999999935e-08 -3.529999999999922e-08 1.3280999999999988e-06 0.0010015319515622055 7.38697048675127e-08 7.270369843967509e-08 7.136474845126434e-08
0.005 0.079 0.005 0.10008999999999998 -8.249999999999924e-08 2.1819999999999895e-07 1.3124000000000025e-06 0.001000931181450553 7.385870099023623e-08 7.270573450883525e-08 7.134653502079548e-08
0.005 0.079 0.01 0.10003 -9.360000000000063e-08 4.661999999999999e-07 1.263000000000003e-06 0.0010003327996222057 7.386368208313054e-08 7.275270260430619e-08 7.136402947895027e-08
-0.0 0.079 0.01 0.10001999999999998 -6.989999999999912e-08 4.7639999999999905e-07 1.2782000000000016e-06 0.001000231993089603 7.385674169080329e-08 7.266989275722809e-08 7.132368545955696e-08
-0.0 0.079 0.005 0.10008 -7.360000000000005e-08 2.333999999999975e-07 1.3237e-06 0.0010008311845661085 7.379868070932724e-08 7.281477317354177e-08 7.146106202040106e-08
-0.0 0.079 -0.0 0.10010999999999999 -7.96000000000005e-08 -2.36000000000014e-08 1.344500000000004e-06 0.0010011319643283795 7.373988032385665e-08 7.286993030401895e-08 7.146268875687738e-08
-0.0 0.079 -0.005 0.10007999999999999 -6.999999999999922e-08 -2.7520000000000045e-07 1.3075000000000004e-06 0.0010008311845661085 7.37918769113327e-08 7.277821239890262e-08 7.147954351649758e-08
-0.0 0.079 -0.01 0.09995 -6.630000000000108e-08 -5.092999999999987e-07 1.2394999999999989e-06 0.0009995320355046155 7.387568206809937e-08 7.264968043943727e-08 7.135910544688822e-08
-0.005 0.079 -0.01 0.10006999999999998 -8.329999999999865e-08 -5.043999999999992e-07 1.2340999999999991e-06 0.0010007327865119637 7.393029455543726e-08 7.269786155256317e-08 7.14166979484046e-08
-0.005 0.079 -0.005 0.10013999999999999 -7.78999999999988e-08 -2.596000000000015e-07 1.300000000000001e-06 0.001001431954752793 7.39516168715472e-08 7.267586360608336e-08 7.144967744206446e-08
-0.005 0.079 0.0 0.10005999999999998 -6.730000000000069e-08 -6.100000000000549e-09 1.3251999999999986e-06 0.001000632000287818 7.386572391863928e-08 7.26608258053698e-08 7.140713342949674e-08
-0.005 0.079 0.005 0.1001 -4.809999999999953e-08 2.4079999999999935e-07 1.3082000000000038e-06 0.00100103117833562 7.387568585956156e-08 7.268970868941409e-08 7.13808243713489e-08
-0.005 0.079 0.01 0.10006999999999998 -4.389999999999949e-08 4.921000000000009e-07 1.270300000000002e-06 0.0010007319970901298 7.385670926916805e-08 7.267967837259074e-08 7.135685611270903e-08
-0.01 0.079 0.01 0.10005999999999998 -1.4300000000000424e-08 4.972000000000004e-07 1.2541000000000025e-06 0.0010006311907990876 7.385767827753623e-08 7.271268211465477e-08 7.133626104681057e-08
-0.01 0.079 0.005 0.10004 -4.060000000000036e-08 2.474000000000004e-07 1.303700000000002e-06 0.001000432006685112 7.382268390271108e-08 7.27296783663021e-08 7.143776683401211e-08
-0.01 0.079 -0.0 0.10012 -6.629999999999969e-08 2.1999999999994245e-09 1.313900000000001e-06 0.0010012311721076207 7.392418368112078e-08 7.278710293068144e-08 7.145728778909842e-08
-0.01 0.079 -0.005 0.10005999999999998 -8.490000000000025e-08 -2.471000000000001e-07 1.2803999999999982e-06 0.0010006311907990876 7.390535994944793e-08 7.275021973382224e-08 7.144917524119485e-08
-0.01 0.079 -0.01 0.10006999999999998 -1.1940000000000005e-07 -4.909999999999997e-07 1.2368999999999964e-06 0.0010007319771047588 7.38648024028262e-08 7.262773680320251e-08 7.133530600788161e-08
-0.01 0.105 -0.01 0.10007999999999999 -2.4370000000000084e-07 -1.2164000000000008e-06 3.2920000000000004e-06 0.0010008319739097068 7.385569099621186e-08 7.262968046362466e-08 7.140371347128838e-08
-0.01 0.105 -0.005 0.1001 -2.0820000000000005e-07 -6.247000000000002e-07 3.4001000000000003e-06 0.00100103117833562 7.388495598928927e-08 7.268039129574426e-08 7.142435171351448e-08
-0.01 0.105 0.0 0.1001 -1.7199999999999993e-07 -2.3299999999998323e-08 3.4382999999999998e-06 0.00100103117833562 7.386602817847379e-08 7.268614616446061e-08 7.138189343433223e-08
-0.01 0.105 0.005 0.10017 -1.337000000000005e-07 5.621999999999988e-07 3.431500000000004e-06 0.0010017311565485023 7.37980358886581e-08 7.272699952160618e-08 7.136282840808197e-08
-0.01 0.105 0.01 0.10004 -9.909999999999919e-08 1.1652000000000024e-06 3.3685999999999994e-06 0.0010004327963436626 7.376671018654933e-08 7.275776629457684e-08 7.141959278206637e-08
-0.005 0.105 0.01 0.10013999999999998 -1.4469999999999899e-07 1.1374999999999997e-06 3.3893000000000007e-06 0.0010014311658821087 7.374371521041609e-08 7.276068202109007e-08 7.141019938352095e-08
-0.005 0.105 0.005 0.10006999999999998 -1.6420000000000045e-07 5.301e-07 3.4592999999999984e-06 0.0010007319771047588 7.375668402803839e-08 7.277568029783037e-08 7.138767885720679e-08
-0.005 0.105 -0.0 0.10017999999999999 -1.798000000000008e-07 -5.6700000000001196e-08 3.4656999999999993e-06 0.0010018311534385424 7.382571423401522e-08 7.267377006759653e-08 7.13261080496786e-08
-0.005 0.105 -0.005 0.10012999999999998 -1.9650000000000084e-07 -6.467000000000001e-07 3.423399999999999e-06 0.0010013319579440176 7.381374917810538e-08 7.270670316859776e-08 7.134958343245329e-08
-0.005 0.105 -0.01 0.1001 -2.1050000000000097e-07 -1.2420999999999987e-06 3.321799999999997e-06 0.0010010319675215172 7.382369755322306e-08 7.263379277982293e-08 7.135408934019196e-08
0.0 0.105 -0.01 0.10006999999999999 -1.7339999999999995e-07 -1.2603000000000002e-06 3.3216999999999995e-06 0.001000731977104759 7.386174809566257e-08 7.258869515798108e-08 7.13310344678606e-08
0.0 0.105 -0.005 0.10011999999999997 -1.7610000000000127e-07 -6.693000000000004e-07 3.418299999999996e-06 0.0010012311721076205 7.384268833575175e-08 7.267372116454041e-08 7.138407102031025e-08
0.0 0.105 0.0 0.10011 -1.8200000000000023e-07 -8.490000000000164e-08 3.467400000000004e-06 0.0010011319643283797 7.382977830941491e-08 7.269983522657761e-08 7.137576908987599e-08
0.0 0.105 0.005 0.10007999999999999 -1.8349999999999894e-07 5.117000000000011e-07 3.4529000000000034e-06 0.0010008327832360408 7.382579513090325e-08 7.263668746442648e-08 7.137352350032381e-08
0.0 0.105 0.01 0.10006000000000001 -1.8810000000000076e-07 1.0983999999999993e-06 3.4008999999999957e-06 0.0010006320002878184 7.382671919668951e-08 7.270175069392669e-08 7.140229940230644e-08
0.005 0.105 0.01 0.10010999999999999 -2.270000000000008e-07 1.0713e-06 3.3806000000000003e-06 0.0010011311752213092 7.380468070430333e-08 7.27106871186345e-08 7.13393942708252e-08
0.005 0.105 0.005 0.10011 -2.0310000000000052e-07 4.850999999999994e-07 3.434900000000002e-06 0.0010011327734121985 7.380271951553158e-08 7.272884560427135e-08 7.139092807271576e-08
0.005 0.105 -0.0 0.10007999999999999 -1.8300000000000123e-07 -1.1240000000000139e-07 3.450800000000004e-06 0.0010008319739097068 7.380569120424906e-08 7.278273989379564e-08 7.138426701405016e-08
0.005 0.105 -0.005 0.10006000000000001 -1.584000000000002e-07 -6.928999999999991e-07 3.401599999999999e-06 0.00100063198030045 7.386482079139485e-08 7.275858680802546e-08 7.143833875384125e-08
0.005 0.105 -0.01 0.10006999999999999 -1.3039999999999995e-07 -1.283100000000001e-06 3.2984999999999986e-06 0.001000731977104759 7.384293353608164e-08 7.275897936603025e-08 7.147606168262775e-08
0.01 0.105 -0.01 0.10006999999999999 -8.399999999999935e-08 -1.3092999999999993e-06 3.2540000000000014e-06 0.001000731977104759 7.38507297105876e-08 7.266172142929653e-08 7.139126169177418e-08
0.01 0.105 -0.005 0.10006999999999999 -1.353000000000007e-07 -7.189000000000001e-07 3.3629999999999994e-06 0.001000731977104759 7.387488291607227e-08 7.271335332946653e-08 7.139173758742383e-08
0.01 0.105 0.0 0.10006999999999999 -1.7699999999999937e-07 -1.347000000000015e-07 3.4058000000000035e-06 0.001000731977104759 7.379170554469303e-08 7.274773334618297e-08 7.145235864286987e-08
0.01 0.105 0.005 0.10014999999999999 -2.22399999999999e-07 4.501000000000005e-07 3.4055000000000003e-06 0.0010015311627702853 7.375473133763763e-08 7.273768033868314e-08 7.14327778347605e-08
0.01 0.105 0.01 0.10009 -2.6179999999999955e-07 1.0528999999999982e-06 3.3343999999999985e-06 0.001000931970715293 7.376573720155316e-08 7.270304053548559e-08 7.144173352011213e-08
0.01 0.132 0.01 0.09999000000000001 -3.809999999999994e-07 1.2816999999999995e-06 7.368399999999997e-06 0.0009999320226895428 7.379468395522511e-08 7.271576814157144e-08 7.139075164409153e-08
0.01 0.132 0.005 0.10010999999999999 -3.908000000000009e-07 5.478999999999984e-07 7.296700000000006e-06 0.0010011319643283795 7.380992351068167e-08 7.275178615107245e-08 7.138270490383522e-08
0.01 0.132 -0.0 0.10014999999999999 -3.9060000000000065e-07 -1.8289999999999974e-07 7.2601999999999945e-06 0.001001532760322896 7.380371449089482e-08 7.263070416014482e-08 7.131108131651433e-08
0.01 0.132 -0.005 0.10007999999999999 -3.9070000000000077e-07 -9.160000000000001e-07 7.267299999999993e-06 0.0010008319938930809 7.381974904097223e-08 7.266570906470139e-08 7.133781287291416e-08
0.01 0.132 -0.01 0.10013999999999998 -3.963000000000008e-07 -1.6678e-06 7.3125e-06 0.0010014319547527928 7.37976782806243e-08 7.262773680320251e-08 7.134806340245099e-08
0.005 0.132 -0.01 0.10009 -3.761999999999988e-07 -1.616999999999999e-06 7.3187e-06 0.0010009319906966706 7.388071313423424e-08 7.259973767303625e-08 7.134316211054705e-08
0.005 0.132 -0.005 0.10013000000000001 -3.8910000000000054e-07 -8.70700000000002e-07 7.2867999999999986e-06 0.001001331168994554 7.382167827937478e-08 7.264068744505709e-08 7.133435271329526e-08
0.005 0.132 0.0 0.10004 -3.794999999999993e-07 -1.4280000000000125e-07 7.2624999999999936e-06 0.0010004319866937482 7.38007564348144e-08 7.263373662010498e-08 7.132669110553085e-08
0.005 0.132 0.005 0.10011 -3.8480000000000043e-07 5.697999999999981e-07 7.300099999999998e-06 0.0010011319643283797 7.379173670297281e-08 7.269675968797663e-08 7.139912564751952e-08
0.005 0.132 0.01 0.10010999999999999 -3.852999999999995e-07 1.3044999999999987e-06 7.368000000000002e-06 0.0010011319643283795 7.381969757822718e-08 7.266867914010495e-08 7.134785470328416e-08
-0.0 0.132 0.01 0.10004 -3.920999999999994e-07 1.327200000000002e-06 7.374599999999998e-06 0.0010004311970345588 7.379471962291504e-08 7.267669439529135e-08 7.13507484272928e-08
-0.0 0.132 0.005 0.10008999999999998 -3.822000000000006e-07 5.972000000000005e-07 7.308199999999992e-06 0.0010009319906966706 7.381000481973033e-08 7.278397356311028e-08 7.140904764834517e-08
-0.0 0.132 -0.0 0.10005999999999998 -3.626000000000004e-07 -1.0910000000000086e-07 7.2590000000000045e-06 0.0010006311907990876 7.381911309465152e-08 7.276069372835143e-08 7.143889374606191e-08
-0.0 0.132 -0.005 0.10005 -3.626000000000004e-07 -8.339999999999986e-07 7.2799e-06 0.0010005319834967795 7.381070973139679e-08 7.263472905353149e-08 7.135171633904415e-08
-0.0 0.132 -0.01 0.10005999999999998 -3.549999999999998e-07 -1.5782999999999991e-06 7.3277000000000036e-06 0.0010006311907990876 7.380477120064178e-08 7.267872791477273e-08 7.138734347169125e-08
-0.005 0.132 -0.01 0.10012 -3.387000000000001e-07 -1.5445999999999987e-06 7.341700000000001e-06 0.0010012319811112708 7.375994819524685e-08 7.276376603688915e-08 7.152594862590986e-08
-0.005 0.132 -0.005 0.10005999999999998 -3.563999999999998e-07 -8.058999999999983e-07 7.301000000000002e-06 0.0010006311907990876 7.36756985233063e-08 7.281171833721317e-08 7.1522270380816e-08
-0.005 0.132 0.0 0.10012 -3.6589999999999954e-07 -8.269999999999944e-08 7.287300000000002e-06 0.0010012311721076207 7.373595595713506e-08 7.273385828858526e-08 7.141468522089166e-08
-0.005 0.132 0.005 0.10006999999999999 -3.901000000000002e-07 6.337999999999983e-07 7.326200000000005e-06 0.001000731977104759 7.384367955497744e-08 7.274506107178822e-08 7.142768439477792e-08
-0.005 0.132 0.01 0.10008999999999998 -4.045000000000007e-07 1.3576000000000006e-06 7.397999999999999e-06 0.001000931970715293 7.38389600752565e-08 7.271500144586522e-08 7.145603306765557e-08
-0.01 0.132 0.01 0.10014999999999999 -4.124000000000003e-07 1.4084999999999987e-06 7.4179e-06 0.0010015319515622055 7.374368619645475e-08 7.278475622711644e-08 7.139503182836926e-08
-0.01 0.132 0.005 0.10012999999999998 -3.8709999999999997e-07 6.697000000000009e-07 7.3461999999999975e-06 0.0010013319579440176 7.381482308949616e-08 7.277099265774825e-08 7.141290884996748e-08
-0.01 0.132 -0.0 0.10007999999999999 -3.647999999999998e-07 -5.890000000000062e-08 7.317999999999997e-06 0.0010008319938930809 7.379756522381426e-08 7.282117948089075e-08 7.140516497958158e-08
-0.01 0.132 -0.005 0.10014999999999999 -3.4510000000000094e-07 -7.789999999999991e-07 7.322499999999998e-06 0.001001532760322896 7.377183508947478e-08 7.271872692284254e-08 7.136259835917502e-08
-0.01 0.132 -0.01 0.10011 -3.2310000000000114e-07 -1.5401999999999999e-06 7.379100000000005e-06 0.0010011311752213094 7.373475814405091e-08 7.273269394450776e-08 7.139197394280166e-08
-0.01 0.158 -0.01 0.10016 -4.3279999999999985e-07 -6.636000000000003e-07 1.02321e-05 0.001001631948372255 7.37716978833737e-08 7.272675847419617e-08 7.135567889384809e-08
-0.01 0.158 -0.005 0.10010999999999999 -4.7400000000000083e-07 -3.483999999999987e-07 1.0135499999999998e-05 0.0010011311752213092 7.376373724025723e-08 7.270170850516321e-08 7.135677408675856e-08
-0.01 0.158 0.0 0.1001 -5.077999999999999e-07 -2.8500000000000748e-08 1.01018e-05 0.00100103117833562 7.373576555540762e-08 7.271168436552157e-08 7.133330802477877e-08
-0.01 0.158 0.005 0.10006999999999999 -5.365999999999996e-07 3.0010000000000036e-07 1.0123799999999994e-05 0.001000732786511964 7.373070195962025e-08 7.27197201789412e-08 7.134513221470899e-08
-0.01 0.158 0.01 0.10011 -5.725000000000008e-07 6.028000000000006e-07 1.0229100000000002e-05 0.0010011319643283797 7.373669464207297e-08 7.276783003331735e-08 7.131479731219193e-08
-0.005 0.158 0.01 0.10009 -5.438999999999999e-07 5.995e-07 1.0194799999999998e-05 0.001000931970715293 7.376576469680602e-08 7.279174755526661e-08 7.136672232448238e-08
-0.005 0.158 0.005 0.10009 -5.260999999999988e-07 2.8700000000000113e-07 1.0097999999999995e-05 0.0010009327799607724 7.37516914366131e-08 7.272183350797702e-08 7.135129032584409e-08
-0.005 0.158 -0.0 0.10004 -5.108000000000002e-07 -4.66000000000022e-08 1.0077200000000002e-05 0.001000432006685112 7.37327019438421e-08 7.270033185737414e-08 7.139919681847343e-08
-0.005 0.158 -0.005 0.10008999999999998 -4.915000000000003e-07 -3.670000000000007e-07 1.0109399999999997e-05 0.001000931181450553 7.368775218558692e-08 7.27076983989724e-08 7.14018872042432e-08
-0.005 0.158 -0.01 0.1001 -4.749000000000003e-07 -6.908999999999998e-07 1.0216500000000001e-05 0.0010010319675215172 7.373998331952178e-08 7.271378820050249e-08 7.140070420511816e-08
0.0 0.158 -0.01 0.10005999999999998 -5.131000000000011e-07 -7.157999999999998e-07 1.0208900000000005e-05 0.0010006319803004498 7.378028428231811e-08 7.26954128616368e-08 7.139588903508852e-08
0.0 0.158 -0.005 0.10013999999999999 -5.151000000000003e-07 -3.847000000000017e-07 1.0100900000000002e-05 0.001001431954752793 7.382869415453398e-08 7.266267914324465e-08 7.139317500509454e-08
0.0 0.158 0.0 0.10003999999999999 -5.195000000000005e-07 -5.7100000000001597e-08 1.0065400000000007e-05 0.001000431986693748 7.384203086148014e-08 7.261568468032324e-08 7.137213862390054e-08
0.0 0.158 0.005 0.1001 -5.184000000000008e-07 2.678000000000014e-07 1.0091499999999998e-05 0.0010010319875008989 7.380569120424906e-08 7.264472879017295e-08 7.133603081913666e-08
0.0 0.158 0.01 0.10012 -5.204999999999988e-07 5.962000000000023e-07 1.0178999999999999e-05 0.0010012319611358799 7.379210019295746e-08 7.277171911776176e-08 7.148329574723955e-08
0.005 0.158 0.01 0.10009 -4.988999999999994e-07 5.770999999999998e-07 1.0183000000000004e-05 0.001000931181450553 7.387545236020818e-08 7.27415646245925e-08 7.143305475172092e-08
0.005 0.158 0.005 0.10006999999999999 -5.107e-07 2.5539999999999727e-07 1.0090300000000002e-05 0.001000731977104759 7.382367827927152e-08 7.273870277333723e-08 7.142501837371532e-08
0.005 0.158 -0.0 0.10015999999999999 -5.248000000000003e-07 -6.729999999999792e-08 1.0059900000000005e-05 0.001001632757052204 7.383181284820425e-08 7.276001215682423e-08 7.14111251187911e-08
0.005 0.158 -0.005 0.10006000000000001 -5.353999999999998e-07 -4.015999999999992e-07 1.00991e-05 0.0010006311907990878 7.383482216142872e-08 7.265372160761737e-08 7.135753668124785e-08
0.005 0.158 -0.01 0.10012 -5.501000000000006e-07 -7.277000000000006e-07 1.0203299999999998e-05 0.0010012311721076207 7.381767956699687e-08 7.264770935226975e-08 7.138123758656197e-08
0.01 0.158 -0.01 0.1001 -5.949999999999997e-07 -7.378999999999996e-07 1.0223300000000008e-05 0.0010010319675215172 7.382882243859891e-08 7.26297367420428e-08 7.140246565829392e-08
0.01 0.158 -0.005 0.10011 -5.684999999999995e-07 -4.1490000000000137e-07 1.0120800000000001e-05 0.0010011319643283797 7.390205431083267e-08 7.269983522657761e-08 7.141405568440448e-08
0.01 0.158 0.0 0.10013999999999999 -5.412e-07 -8.430000000000104e-08 1.0083099999999995e-05 0.0010014327635942415 7.387520967956548e-08 7.270391919790232e-08 7.141067811865476e-08
0.01 0.158 0.005 0.10003999999999999 -5.105999999999999e-07 2.4290000000000147e-07 1.0107000000000005e-05 0.0010004311970345586 7.384301590376032e-08 7.266010931774848e-08 7.136858084702728e-08
0.01 0.158 0.01 0.10003 -4.863999999999994e-07 5.562000000000011e-07 1.0210000000000002e-05 0.0010003312001532292 7.377810211934329e-08 7.272198267043204e-08 7.134899622117105e-08
0.01 0.185 0.01 0.10012 -5.514999999999992e-07 5.300000000000027e-08 1.0922100000000002e-05 0.0010012319611358799 7.376570577810402e-08 7.275289847894892e-08 7.13216985765774e-08
0.01 0.185 0.005 0.1001 -5.590000000000011e-07 3.279999999999949e-08 1.0886800000000002e-05 0.0010010319675215172 7.368170656012078e-08 7.281978266798368e-08 7.14017367268784e-08
0.01 0.185 -0.0 0.10005 -5.639000000000005e-07 1.7699999999998273e-08 1.08732e-05 0.0010005320034861453 7.366175283814256e-08 7.286467904715967e-08 7.141668095151027e-08
0.01 0.185 -0.005 0.1001 -5.749000000000004e-07 -6.899999999998574e-09 1.0896999999999996e-05 0.0010010319675215172 7.374401192817853e-08 7.274507139430232e-08 7.138136731642075e-08
0.01 0.185 -0.01 0.10012999999999998 -5.788000000000002e-07 -2.439999999999942e-08 1.0940600000000007e-05 0.00100133276686624 7.377874330701044e-08 7.272367836704024e-08 7.133468132377474e-08
0.005 0.185 -0.01 0.10006999999999999 -5.703999999999987e-07 -2.3700000000001496e-08 1.0933200000000004e-05 0.001000731977104759 7.374578108231183e-08 7.271169036249536e-08 7.134079239400487e-08
0.005 0.185 -0.005 0.10005 -5.648e-07 -9.4999999999984e-09 1.0888400000000004e-05 0.0010005327930657747 7.378274322213157e-08 7.269170865855059e-08 7.136566666817299e-08
0.005 0.185 0.0 0.10009 -5.600999999999995e-07 1.5100000000001224e-08 1.0867100000000001e-05 0.001000931181450553 7.372267878266531e-08 7.275983062640034e-08 7.141390638884872e-08
0.005 0.185 0.005 0.10007999999999999 -5.560999999999996e-07 3.9100000000000244e-08 1.0877899999999996e-05 0.0010008327832360408 7.381551305790676e-08 7.276702925598515e-08 7.143598219281951e-08
0.005 0.185 0.01 0.1001 -5.537999999999987e-07 5.239999999999967e-08 1.0920600000000002e-05 0.00100103117833562 7.374675782775332e-08 7.270469416673461e-08 7.136935709964626e-08
-0.0 0.185 0.01 0.10015 -5.554000000000003e-07 5.830000000000002e-08 1.0913500000000003e-05 0.0010015311627702855 7.379091252531929e-08 7.279182828142534e-08 7.147183776025434e-08
-0.0 0.185 0.005 0.10014999999999999 -5.57500000000001e-07 4.0300000000001446e-08 1.0876599999999997e-05 0.001001532760322896 7.378217058975086e-08 7.283244389272125e-08 7.144271773506905e-08
-0.0 0.185 -0.0 0.10011 -5.572000000000008e-07 1.1699999999997823e-08 1.0870899999999994e-05 0.0010011311752213094 7.362879394911797e-08 7.291868174184019e-08 7.147636865666603e-08
-0.0 0.185 -0.005 0.10006000000000001 -5.614999999999995e-07 -4.399999999998849e-09 1.0884100000000001e-05 0.0010006327897885419 7.364469516018673e-08 7.287283444972797e-08 7.147908556265826e-08
-0.0 0.185 -0.01 0.10007999999999999 -5.630999999999997e-07 -2.8900000000001146e-08 1.0935800000000001e-05 0.0010008319739097068 7.371179957571043e-08 7.289429438530969e-08 7.150070090313632e-08
-0.005 0.185 -0.01 0.10007999999999999 -5.511000000000002e-07 -2.459999999999962e-08 1.0934899999999998e-05 0.0010008311845661085 7.357687978636762e-08 7.290083245111629e-08 7.152912176362978e-08
-0.005 0.185 -0.005 0.10009 -5.528000000000006e-07 1.9999999999992246e-09 1.0880800000000001e-05 0.001000931970715293 7.363567965711589e-08 7.284373086061872e-08 7.145741769842805e-08
-0.005 0.185 0.0 0.10007999999999999 -5.570000000000006e-07 1.4400000000000523e-08 1.0869999999999996e-05 0.0010008311845661085 7.374080748883023e-08 7.286265999590188e-08 7.150644818594807e-08
-0.005 0.185 0.005 0.10014999999999999 -5.573999999999995e-07 4.459999999999742e-08 1.0872999999999999e-05 0.0010015319515622055 7.36868357085683e-08 7.291360798589974e-08 7.151468806884194e-08
-0.005 0.185 0.01 0.10002 -5.558000000000008e-07 5.940000000000112e-08 1.0909700000000005e-05 0.001000231993089603 7.354270354226945e-08 7.295667900912652e-08 7.151600662305529e-08
-0.01 0.185 0.01 0.10012 -5.645999999999999e-07 5.0500000000000545e-08 1.09207e-05 0.0010012319611358799 7.355575562199276e-08 7.292568015025653e-08 7.151357412686504e-08
-0.01 0.185 0.005 0.10007999999999999 -5.615999999999996e-07 4.159999999999997e-08 1.0878000000000005e-05 0.0010008327832360408 7.354727114550934e-08 7.296490525894032e-08 7.146830071599463e-08
-0.01 0.185 -0.0 0.1001 -5.569999999999992e-07 2.1199999999999e-08 1.0869599999999997e-05 0.00100103117833562 7.36187771541073e-08 7.299470000996841e-08 7.136683816010806e-08
-0.01 0.185 -0.005 0.10014999999999999 -5.525000000000002e-07 -2.8000000000000247e-09 1.0895199999999999e-05 0.0010015319515622055 7.361023843015028e-08 7.294617224747728e-08 7.140868957987871e-08
-0.01 0.185 -0.01 0.09999999999999999 -5.401000000000003e-07 -6.500000000000949e-09 1.093e-05 0.0010000328094617696 7.364068426199303e-08 7.277968996009018e-08 7.142411627294705e-08
-0.01 0.21100000000000002 -0.01 0.10013999999999999 -5.581000000000002e-07 1.9369999999999944e-07 1.0679700000000004e-05 0.0010014319747241947 7.360869537188152e-08 7.281368976864626e-08 7.139902977297106e-08
-0.01 0.21100000000000002 -0.005 0.10007999999999999 -5.636999999999989e-07 1.1890000000000234e-07 1.0667800000000005e-05 0.0010008319739097068 7.362375381283094e-08 7.280468193909062e-08 7.138589215879314e-08
-0.01 0.21100000000000002 0.0 0.1001 -5.547999999999998e-07 3.700000000000092e-08 1.0655700000000007e-05 0.00100103117833562 7.361279458771661e-08 7.282367835528512e-08 7.137368490595033e-08
-0.01 0.21100000000000002 0.005 0.10001999999999998 -5.552000000000001e-07 -4.4800000000000395e-08 1.0665599999999997e-05 0.0010002312032725232 7.360184431934263e-08 7.277371907801548e-08 7.139650316923252e-08
-0.01 0.21100000000000002 0.01 0.10017999999999999 -5.426e-07 -1.1430000000000051e-07 1.0665599999999997e-05 0.0010018319419942648 7.358380498672028e-08 7.280573181725057e-08 7.14152474906828e-08
-0.005 0.21100000000000002 0.01 0.1001 -5.473000000000006e-07 -1.1819999999999886e-07 1.0677999999999998e-05 0.0010010319675215172 7.361169897345742e-08 7.285488799644191e-08 7.138503707351485e-08
-0.005 0.21100000000000002 0.005 0.10001999999999998 -5.600000000000008e-07 -3.9000000000000144e-08 1.0678199999999994e-05 0.001000231993089603 7.357768666415999e-08 7.291471078628925e-08 7.140845888651814e-08
-0.005 0.21100000000000002 -0.0 0.10011 -5.528999999999992e-07 4.379999999999939e-08 1.0656999999999995e-05 0.0010011319643283797 7.358380498672028e-08 7.286279056924836e-08 7.141724304843829e-08
-0.005 0.21100000000000002 -0.005 0.10006999999999998 -5.593000000000001e-07 1.1320000000000219e-07 1.0676800000000003e-05 0.0010007319771047588 7.362772765542989e-08 7.280968979084717e-08 7.144987362729912e-08
-0.005 0.21100000000000002 -0.01 0.10004 -5.571000000000007e-07 1.9939999999999958e-07 1.0686600000000002e-05 0.0010004311970345588 7.361186580648193e-08 7.278982842587163e-08 7.140760853124987e-08
0.0 0.21100000000000002 -0.01 0.10012999999999998 -5.525000000000002e-07 2.0209999999999951e-07 1.0689199999999992e-05 0.0010013319779174135 7.365002260339962e-08 7.28737800580002e-08 7.152556215948511e-08
0.0 0.21100000000000002 -0.005 0.10005999999999998 -5.547999999999998e-07 1.1599999999999944e-07 1.06796e-05 0.0010006319803004498 7.364858519683132e-08 7.286079067384809e-08 7.14776983269935e-08
0.0 0.21100000000000002 0.0 0.10008999999999998 -5.411000000000013e-07 4.709999999999992e-08 1.0649200000000003e-05 0.001000931970715293 7.356908116931084e-08 7.287891426815509e-08 7.151143401154597e-08
0.0 0.21100000000000002 0.005 0.10012999999999998 -5.476000000000009e-07 -3.3299999999999994e-08 1.0663799999999996e-05 0.0010013319579440176 7.354070356023652e-08 7.292469257208545e-08 7.154452462731207e-08
0.0 0.21100000000000002 0.01 0.10010999999999999 -5.456000000000002e-07 -1.1519999999999864e-07 1.06792e-05 0.0010011319843057657 7.362253594485438e-08 7.289192776048854e-08 7.15711303253461e-08
0.005 0.21100000000000002 0.01 0.10006999999999999 -5.526000000000003e-07 -1.0739999999999916e-07 1.0680800000000001e-05 0.001000731977104759 7.36278030731262e-08 7.280270201909184e-08 7.147094123100468e-08
0.005 0.21100000000000002 0.005 0.10009 -5.488000000000007e-07 -3.090000000000037e-08 1.0663800000000001e-05 0.001000931181450553 7.374398291705534e-08 7.294392194770702e-08 7.147776090427832e-08
0.005 0.21100000000000002 -0.0 0.10011 -5.481e-07 4.609999999999892e-08 1.0663999999999996e-05 0.0010011311752213094 7.378977961097358e-08 7.300383707520356e-08 7.147822616275362e-08
0.005 0.21100000000000002 -0.005 0.10003 -5.488999999999994e-07 1.2659999999999892e-07 1.0671500000000001e-05 0.0010003327996222057 7.376526745275517e-08 7.293303812549434e-08 7.146127787884657e-08
0.005 0.21100000000000002 -0.01 0.10008 -5.542999999999992e-07 2.028000000000002e-07 1.0697799999999996e-05 0.0010008311845661085 7.375179797818019e-08 7.29048567804779e-08 7.142477895187091e-08
0.01 0.21100000000000002 -0.01 0.10010999999999999 -5.473999999999993e-07 2.0910000000000094e-07 1.0696600000000005e-05 0.0010011319843057657 7.381181371710898e-08 7.292475354645753e-08 7.15257609365328e-08
0.01 0.21100000000000002 -0.005 0.10011 -5.481e-07 1.3140000000000095e-07 1.0671799999999998e-05 0.0010011327734121985 7.381346783115543e-08 7.291116942743105e-08 7.148470137411935e-08
0.01 0.21100000000000002 0.0 0.10005999999999998 -5.511000000000002e-07 4.649999999999932e-08 1.06707e-05 0.0010006327897885416 7.374484686808186e-08 7.291471078628925e-08 7.145770556125644e-08
0.01 0.21100000000000002 0.005 0.10009 -5.540999999999991e-07 -2.7599999999999847e-08 1.0669300000000003e-05 0.001000931970715293 7.380067811865475e-08 7.29227513543321e-08 7.144547060636812e-08
0.01 0.21100000000000002 0.01 0.10012 -5.629000000000009e-07 -1.0739999999999916e-07 1.0690599999999994e-05 0.0010012319611358799 7.375973731781767e-08 7.29520174503937e-08 7.144374428210796e-08
0.01 0.237 0.01 0.10006999999999999 -5.299999999999999e-07 -1.5010000000000024e-07 1.0178199999999999e-05 0.001000731977104759 7.374872025134482e-08 7.287368019909758e-08 7.140541547910114e-08
0.01 0.237 0.005 0.10006999999999999 -5.257999999999999e-07 -4.669999999999952e-08 1.0173699999999997e-05 0.001000732786511964 7.377579703967561e-08 7.282869322719388e-08 7.138985703469971e-08
0.01 0.237 -0.0 0.10005999999999998 -5.224999999999993e-07 5.159999999999887e-08 1.0175200000000007e-05 0.0010006327897885416 7.3745750770174e-08 7.286168021070394e-08 7.137468113069612e-08
0.01 0.237 -0.005 0.10008999999999998 -5.17200000000001e-07 1.6509999999999859e-07 1.0173699999999997e-05 0.0010009327799607721 7.37337510585621e-08 7.291667902527289e-08 7.138380366415128e-08
0.01 0.237 -0.01 0.10014999999999999 -5.16599999999999e-07 2.624000000000015e-07 1.0190099999999996e-05 0.001001530373977744 7.371975139792198e-08 7.292524263566481e-08 7.143556155756063e-08
0.005 0.237 -0.01 0.10009 -5.22099999999999e-07 2.5490000000000237e-07 1.0189699999999997e-05 0.001000931970715293 7.364168647756471e-08 7.300293028628379e-08 7.150688161023213e-08
0.005 0.237 -0.005 0.10005 -5.209999999999992e-07 1.5979999999999882e-07 1.0175100000000004e-05 0.0010005319834967795 7.366279261507932e-08 7.295795068779274e-08 7.146084876590777e-08
0.005 0.237 0.0 0.10011 -5.237999999999992e-07 4.599999999999882e-08 1.0176899999999999e-05 0.0010011311752213094 7.374870181836482e-08 7.290167834686105e-08 7.138171463032905e-08
0.005 0.237 0.005 0.10011 -5.256999999999998e-07 -5.1200000000001246e-08 1.01746e-05 0.001001131984305766 7.372875830314291e-08 7.2899680174387e-08 7.140988481198657e-08
0.005 0.237 0.01 0.10015 -5.256999999999998e-07 -1.557000000000003e-07 1.0177399999999997e-05 0.0010015327603228963 7.374886836944551e-08 7.285517153202772e-08 7.144470264140587e-08
-0.0 0.237 0.01 0.10005999999999998 -5.282999999999996e-07 -1.660999999999996e-07 1.0187200000000008e-05 0.0010006319803004498 7.373468076415625e-08 7.288068641356978e-08 7.143162887980284e-08
-0.0 0.237 0.005 0.10008 -5.243999999999999e-07 -5.6200000000000695e-08 1.0173100000000001e-05 0.001000831993893081 7.372978162797669e-08 7.283868657728457e-08 7.146416202691027e-08
-0.0 0.237 -0.0 0.10008999999999998 -5.269999999999997e-07 4.649999999999932e-08 1.0175e-05 0.001000931970715293 7.375673130269472e-08 7.28046934003564e-08 7.141350099819128e-08
-0.0 0.237 -0.005 0.10006999999999999 -5.271999999999999e-07 1.466999999999996e-07 1.0182399999999998e-05 0.001000731977104759 7.380816645600164e-08 7.287168945596884e-08 7.154730587339398e-08
-0.0 0.237 -0.01 0.10010999999999999 -5.267000000000008e-07 2.588000000000007e-07 1.0183600000000004e-05 0.0010011319843057657 7.375343805003285e-08 7.298220667889784e-08 7.157241241645194e-08
-0.005 0.237 -0.01 0.10011999999999997 -5.345000000000002e-07 2.484999999999987e-07 1.0184e-05 0.0010012327701388922 7.373773774806413e-08 7.286868645969517e-08 7.14636787826651e-08
-0.005 0.237 -0.005 0.10012 -5.322999999999994e-07 1.4100000000000223e-07 1.0179499999999996e-05 0.0010012311721076207 7.374768223455582e-08 7.283987562006227e-08 7.140647694015419e-08
-0.005 0.237 0.0 0.1001 -5.287e-07 4.4900000000000495e-08 1.0167299999999995e-05 0.0010010319875008989 7.374390379439997e-08 7.280790724299954e-08 7.14560169677697e-08
-0.005 0.237 0.005 0.10012999999999998 -5.252999999999993e-07 -6.889999999999951e-08 1.0177600000000004e-05 0.0010013311689945539 7.374167828361682e-08 7.282883769715681e-08 7.141198261742829e-08
-0.005 0.237 0.01 0.10005 -5.213000000000009e-07 -1.6420000000000045e-07 1.0176999999999998e-05 0.0010005311939165116 7.371277405316452e-08 7.284669309987563e-08 7.144524465750607e-08
-0.01 0.237 0.01 0.10005 -5.168999999999993e-07 -1.67500000000001e-07 1.0166299999999994e-05 0.0010005311939165116 7.371171560592478e-08 7.285098090097319e-08 7.136595363322859e-08
-0.01 0.237 0.005 0.10011 -5.252000000000007e-07 -7.260000000000044e-08 1.0170099999999993e-05 0.0010011319643283797 7.370567962115855e-08 7.287301204291345e-08 7.142945485728783e-08
-0.01 0.237 -0.0 0.10011 -5.323999999999996e-07 3.620000000000012e-08 1.0167100000000001e-05 0.0010011319643283797 7.369082912154034e-08 7.290072286705603e-08 7.135585871352724e-08
-0.01 0.237 -0.005 0.10008999999999998 -5.366000000000009e-07 1.3920000000000043e-07 1.0169399999999994e-05 0.001000931970715293 7.359322213393015e-08 7.304481993097037e-08 7.147690784921864e-08
-0.01 0.237 -0.01 0.1001 -5.435999999999997e-07 2.3980000000000113e-07 1.0183699999999995e-05 0.0010010319875008989 7.360473409599867e-08 7.299268600645883e-08 7.142159020886e-08
-0.01 0.264 -0.01 0.10015 -5.073000000000008e-07 2.5209999999999956e-07 9.598899999999999e-06 0.0010015319715316131 7.370390681021843e-08 7.287868642122189e-08 7.14204456862429e-08
-0.01 0.264 -0.005 0.09999999999999999 -5.029000000000006e-07 1.356999999999997e-07 9.598499999999993e-06 0.0010000319994880164 7.370274496282786e-08 7.282770669663853e-08 7.138842881028111e-08
-0.01 0.264 0.0 0.10009 -5.001000000000005e-07 3.4100000000000795e-08 9.590000000000005e-06 0.0010009327799607724 7.37640398725254e-08 7.29348804475808e-08 7.146024466006386e-08
-0.01 0.264 0.005 0.10003 -5.012000000000003e-07 -8.009999999999961e-08 9.602300000000003e-06 0.0010003319898913559 7.376303491300236e-08 7.292577766495059e-08 7.147331826970897e-08
-0.01 0.264 0.01 0.10006999999999999 -4.830000000000001e-07 -1.911999999999997e-07 9.591299999999997e-06 0.001000732786511964 7.367771603550044e-08 7.284773076189966e-08 7.13900734380381e-08
-0.005 0.264 0.01 0.10003 -4.882999999999998e-07 -1.774999999999999e-07 9.594100000000005e-06 0.0010003319898913559 7.366772698534601e-08 7.285968393530579e-08 7.139333762382553e-08
-0.005 0.264 0.005 0.10009 -4.924999999999998e-07 -7.319999999999826e-08 9.593500000000006e-06 0.001000931970715293 7.369580022670997e-08 7.289229586702408e-08 7.146344634327639e-08
-0.005 0.264 -0.0 0.10009 -4.929000000000003e-07 3.740000000000132e-08 9.590299999999995e-06 0.001000931970715293 7.370386003761658e-08 7.287675290960728e-08 7.14337341330824e-08
-0.005 0.264 -0.005 0.10012 -4.973999999999993e-07 1.482000000000011e-07 9.595299999999996e-06 0.0010012327701388924 7.366975263613484e-08 7.287069293341877e-08 7.13946795806415e-08
-0.005 0.264 -0.01 0.10009 -4.895000000000011e-07 2.5699999999999887e-07 9.589200000000003e-06 0.0010009327799607724 7.369172659192721e-08 7.287968019334257e-08 7.140141830135734e-08
0.0 0.264 -0.01 0.10013999999999999 -4.933999999999994e-07 2.6279999999999915e-07 9.602700000000002e-06 0.001001431954752793 7.368771590813611e-08 7.283667811865476e-08 7.142874775316106e-08
0.0 0.264 -0.005 0.10006999999999999 -4.942000000000002e-07 1.5120000000000133e-07 9.600600000000004e-06 0.0010007311876822865 7.369482891913384e-08 7.282971799558015e-08 7.144924429713845e-08
0.0 0.264 0.0 0.10013999999999999 -4.91599999999999e-07 3.9500000000000645e-08 9.592499999999998e-06 0.001001431165882109 7.366408462640137e-08 7.285341001975671e-08 7.14526444251674e-08
0.0 0.264 0.005 0.10006000000000001 -4.959000000000005e-07 -6.359999999999976e-08 9.597300000000004e-06 0.0010006311907990878 7.370169165924598e-08 7.286968946647116e-08 7.142068093555058e-08
0.0 0.264 0.01 0.10012999999999998 -4.898e-07 -1.7569999999999809e-07 9.5972e-06 0.0010013311689945539 7.366283055374343e-08 7.283488997249609e-08 7.144106568700461e-08
0.005 0.264 0.01 0.10006999999999999 -4.975999999999995e-07 -1.7560000000000075e-07 9.603199999999995e-06 0.0010007311876822865 7.363775345079091e-08 7.280825052503314e-08 7.146502154177184e-08
0.005 0.264 0.005 0.10013999999999999 -4.933000000000006e-07 -5.6300000000000795e-08 9.5928e-06 0.0010014327635942415 7.363863884243505e-08 7.286219153948206e-08 7.15331864772749e-08
0.005 0.264 -0.0 0.10006999999999999 -4.917000000000005e-07 4.789999999999795e-08 9.595100000000006e-06 0.00100073199709013 7.37185162127017e-08 7.292636085767675e-08 7.15327000161733e-08
0.005 0.264 -0.005 0.09998999999999998 -4.990000000000009e-07 1.563000000000009e-07 9.611499999999994e-06 0.0009999320026881826 7.371368627715183e-08 7.283275446035409e-08 7.139728863415827e-08
0.005 0.264 -0.01 0.10011 -4.884e-07 2.698000000000006e-07 9.602300000000003e-06 0.0010011319643283797 7.37258374842605e-08 7.279073965620599e-08 7.142283680883554e-08
0.01 0.264 -0.01 0.10002 -4.820000000000005e-07 2.7349999999999874e-07 9.601299999999996e-06 0.001000232013084964 7.377152506027075e-08 7.284790295474477e-08 7.149421497164892e-08
0.01 0.264 -0.005 0.10006999999999999 -4.867999999999997e-07 1.6369999999999996e-07 9.595199999999998e-06 0.001000731977104759 7.365113794664085e-08 7.285610907769306e-08 7.138691772116263e-08
0.01 0.264 0.0 0.10005999999999998 -4.893000000000009e-07 5.359999999999809e-08 9.592000000000006e-06 0.0010006311907990876 7.367871113733901e-08 7.283468188512976e-08 7.134868125344329e-08
0.01 0.264 0.005 0.10013999999999999 -4.956000000000002e-07 -6.029999999999925e-08 9.597900000000003e-06 0.001001431165882109 7.375601061281693e-08 7.28182478090802e-08 7.138916172199386e-08
0.01 0.264 0.01 0.1001 -4.888000000000003e-07 -1.6009999999999914e-07 9.581700000000003e-06 0.0010010319675215172 7.368971588276584e-08 7.284272408438814e-08 7.136580711358629e-08
0.01 0.29 0.01 0.1001 -4.6960000000000055e-07 -1.787999999999984e-07 9.024100000000002e-06 0.0010010319675215172 7.372642247121517e-08 7.276704627635415e-08 7.135631888564519e-08
0.01 0.29 0.005 0.10012 -4.653999999999991e-07 -6.349999999999966e-08 9.015700000000004e-06 0.0010012319611358799 7.381484306272586e-08 7.262697976505597e-08 7.134643436125093e-08
0.01 0.29 -0.0 0.10005999999999998 -4.5550000000000034e-07 5.170000000000175e-08 9.007799999999999e-06 0.001000630401297102 7.379167957921916e-08 7.264969900559744e-08 7.137304961562605e-08
0.01 0.29 -0.005 0.10013999999999999 -4.539000000000001e-07 1.6299999999999925e-07 9.014899999999997e-06 0.0010014327635942415 7.380138289265049e-08 7.272176787299195e-08 7.138961405083099e-08
0.01 0.29 -0.01 0.10010999999999999 -4.505999999999996e-07 2.853999999999995e-07 9.014e-06 0.0010011319643283795 7.372497073882288e-08 7.273405401057401e-08 7.14485087225199e-08
0.005 0.29 -0.01 0.10010999999999999 -4.667999999999992e-07 2.7510000000000034e-07 9.033200000000002e-06 0.0010011319643283795 7.380974926982248e-08 7.271072711805453e-08 7.138830338382719e-08
0.005 0.29 -0.005 0.10012 -4.5479999999999965e-07 1.561000000000007e-07 9.014899999999997e-06 0.0010012327701388924 7.379870985424299e-08 7.262670421451045e-08 7.139267811865476e-08
0.005 0.29 0.0 0.10006999999999999 -4.563999999999999e-07 4.939999999999944e-08 9.009600000000006e-06 0.0010007311876822865 7.380668845455482e-08 7.258278495321309e-08 7.137769685902118e-08
0.005 0.29 0.005 0.10005 -4.611000000000004e-07 -7.439999999999946e-08 9.018900000000003e-06 0.0010005327930657747 7.374068867969246e-08 7.268693721098045e-08 7.136780215565234e-08
0.005 0.29 0.01 0.10012 -4.609999999999989e-07 -1.8540000000000223e-07 9.021899999999999e-06 0.0010012311721076207 7.489368780068993e-08 7.231125364014695e-08 7.185153130815812e-08
-0.0 0.29 0.01 0.10005999999999998 -4.563999999999999e-07 -1.906999999999992e-07 9.018800000000004e-06 0.0010006319803004498 7.485577956494048e-08 7.225276112549972e-08 7.182180367411643e-08
-0.0 0.29 0.005 0.10011 -4.4870000000000046e-07 -8.140000000000091e-08 9.004300000000005e-06 0.0010011319643283797 7.492279967435563e-08 7.224083628041451e-08 7.174633926014845e-08
-0.0 0.29 -0.0 0.10003 -4.584999999999992e-07 3.9400000000000545e-08 9.012899999999996e-06 0.0010003320098847183 7.483672659146746e-08 7.227768609566061e-08 7.177211959137005e-08
-0.0 0.29 -0.005 0.10009 -4.5810000000000016e-07 1.5439999999999897e-07 9.012999999999998e-06 0.001000931970715293 7.485557039711026e-08 7.24242690850175e-08 7.178397025036914e-08
-0.0 0.29 -0.01 0.10006999999999998 -4.593e-07 2.654999999999991e-07 9.0233e-06 0.0010007319771047588 7.478967922186618e-08 7.23488002142264e-08 7.173221128013313e-08
-0.005 0.29 -0.01 0.10008999999999998 -4.6350000000000004e-07 2.658999999999995e-07 9.017200000000002e-06 0.001000931970715293 7.486167920273074e-08 7.230072340102882e-08 7.172023247578467e-08
-0.005 0.29 -0.005 0.10008 -4.579e-07 1.4580000000000148e-07 9.0117e-06 0.0010008319739097068 7.486968785656113e-08 7.233785973113691e-08 7.175710824054537e-08
-0.005 0.29 0.0 0.10012 -4.680000000000004e-07 2.7499999999999747e-08 9.023500000000001e-06 0.0010012319611358799 7.480673720025991e-08 7.232317432020068e-08 7.172738850022859e-08
-0.005 0.29 0.005 0.1001 -4.547000000000009e-07 -7.959999999999911e-08 9.008700000000002e-06 0.001001032776686158 7.476867861150835e-08 7.231776803524313e-08 7.166673041847941e-08
-0.005 0.29 0.01 0.09998 -4.5410000000000034e-07 -2.0449999999999914e-07 9.021600000000002e-06 0.0009998320058889894 7.481280293391818e-08 7.24141105358642e-08 7.177074604100691e-08
-0.01 0.29 0.01 0.10004 -4.6030000000000097e-07 -2.0640000000000103e-07 9.026000000000001e-06 0.0010004319866937482 7.483727187137624e-08 7.2401169763118e-08 7.176978434562163e-08
-0.01 0.29 0.005 0.10007999999999999 -4.549999999999998e-07 -8.790000000000187e-08 9.006700000000001e-06 0.0010008311845661085 7.474971389467853e-08 7.235682513517545e-08 7.17049678148701e-08
-0.01 0.29 -0.0 0.10017 -4.632999999999998e-07 2.0000000000000573e-08 9.015099999999993e-06 0.0010017319451829415 7.472979767398028e-08 7.243368537342765e-08 7.172139271734224e-08
-0.01 0.29 -0.005 0.10002 -4.5540000000000023e-07 1.4180000000000025e-07 9.002699999999996e-06 0.001000231993089603 7.475070980169884e-08 7.240774441081898e-08 7.170799150972098e-08
-0.01 0.29 -0.01 0.10005 -4.632999999999998e-07 2.5690000000000157e-07 9.013899999999997e-06 0.0010005319834967795 7.475781266052509e-08 7.239887834374656e-08 7.172101271669642e-08
-0.01 0.316 -0.01 0.10017999999999999 -4.173999999999997e-07 2.9839999999999865e-07 8.373399999999997e-06 0.001001832750512779 7.476769303112427e-08 7.23287226174248e-08 7.168475203782106e-08
-0.01 0.316 -0.005 0.10011 -4.1940000000000033e-07 1.600000000000018e-07 8.362399999999991e-06 0.0010011311752213094 7.472368821084242e-08 7.234067934564816e-08 7.174884284546838e-08
-0.01 0.316 0.0 0.10013999999999999 -4.1899999999999993e-07 1.619999999999955e-08 8.360199999999995e-06 0.001001431165882109 7.467768126964922e-08 7.236872154390031e-08 7.17881241729888e-08
-0.01 0.316 0.005 0.10013000000000001 -4.1940000000000033e-07 -1.1529999999999874e-07 8.361400000000008e-06 0.0010013327668662402 7.470287851442649e-08 7.238494691427868e-08 7.178109859678474e-08
-0.01 0.316 0.01 0.1001 -4.143999999999995e-07 -2.608000000000027e-07 8.3712e-06 0.00100103117833562 7.469671023091879e-08 7.240268284678055e-08 7.17716785899082e-08
-0.005 0.316 0.01 0.10011 -4.1539999999999913e-07 -2.554000000000001e-07 8.379000000000002e-06 0.0010011319643283797 7.48108732359632e-08 7.240108694494501e-08 7.174949764099731e-08
-0.005 0.316 0.005 0.10010999999999999 -4.163e-07 -1.0779999999999956e-07 8.360499999999992e-06 0.0010011319643283795 7.474478966892205e-08 7.236691481671455e-08 7.16837402954965e-08
-0.005 0.316 -0.0 0.10012999999999998 -4.1839999999999935e-07 2.7300000000002322e-08 8.360800000000001e-06 0.0010013311689945539 7.473270994349155e-08 7.238067931625912e-08 7.174468005288892e-08
-0.005 0.316 -0.005 0.10015 -4.26e-07 1.681000000000016e-07 8.372899999999999e-06 0.0010015319515622057 7.4742718297026e-08 7.236911352589858e-08 7.170468013072516e-08
-0.005 0.316 -0.01 0.10005 -4.1869999999999964e-07 3.0919999999999835e-07 8.372900000000006e-06 0.0010005319834967795 7.477482034057564e-08 7.232280218335946e-08 7.172469586997867e-08
0.0 0.316 -0.01 0.10008999999999998 -4.2109999999999924e-07 3.136e-07 8.3777e-06 0.0010009319906966706 7.475772271934796e-08 7.23426977263801e-08 7.167908299266149e-08
0.0 0.316 -0.005 0.10015 -4.200000000000009e-07 1.7500000000000015e-07 8.364500000000003e-06 0.0010015311627702855 7.476573249560213e-08 7.232768090158372e-08 7.172468600817041e-08
0.0 0.316 0.0 0.10010999999999999 -4.173999999999997e-07 3.5099999999999024e-08 8.362900000000001e-06 0.0010011319843057657 7.477563076290536e-08 7.241301768525127e-08 7.178768229691964e-08
0.0 0.316 0.005 0.1001 -4.1800000000000033e-07 -1.1029999999999929e-07 8.370799999999994e-06 0.001001032776686158 7.479487816272703e-08 7.243803274350746e-08 7.181334760676079e-08
0.0 0.316 0.01 0.10006000000000001 -4.038999999999987e-07 -2.372999999999986e-07 8.363900000000001e-06 0.0010006311907990878 7.472867861641481e-08 7.24096784129455e-08 7.170829227252387e-08
0.005 0.316 0.01 0.10008999999999998 -4.141999999999993e-07 -2.345999999999987e-07 8.3841e-06 0.0010009327799607721 7.486367823904965e-08 7.251874891372889e-08 7.182168216905241e-08
0.005 0.316 0.005 0.10011999999999997 -4.1679999999999913e-07 -1.0139999999999871e-07 8.373799999999998e-06 0.0010012319811112706 7.479367015881354e-08 7.246225626421379e-08 7.179139362238366e-08
0.005 0.316 -0.0 0.10009 -4.174999999999998e-07 4.4700000000000294e-08 8.363900000000001e-06 0.001000931181450553 7.47687490889558e-08 7.236675541153695e-08 7.175207141611735e-08
0.005 0.316 -0.005 0.1001 -4.2169999999999987e-07 1.81400000000001e-07 8.369999999999994e-06 0.0010010335858501452 7.486467811865476e-08 7.255817859226769e-08 7.182216810961285e-08
0.005 0.316 -0.01 0.10007999999999999 -4.2449999999999986e-07 3.1920000000000005e-07 8.382100000000004e-06 0.0010008319739097068 7.485375354640164e-08 7.258506335120436e-08 7.19149172975557e-08
0.01 0.316 -0.01 0.10006999999999999 -4.2369999999999906e-07 3.260000000000013e-07 8.383000000000001e-06 0.001000731977104759 7.470868011965476e-08 7.246084268234584e-08 7.179698930795551e-08
0.01 0.316 -0.005 0.10006000000000001 -4.2079999999999895e-07 1.8770000000000177e-07 8.373000000000003e-06 0.00100063198030045 7.471388808067274e-08 7.253602082620312e-08 7.193073713362083e-08
0.01 0.316 0.0 0.1001 -4.1989999999999947e-07 4.939999999999944e-08 8.370700000000003e-06 0.0010010319675215172 7.483300610172452e-08 7.246151106328426e-08 7.174991822565602e-08
0.01 0.316 0.005 0.10006000000000001 -4.1539999999999913e-07 -8.940000000000059e-08 8.373900000000001e-06 0.00100063198030045 7.476774331408852e-08 7.239774480376237e-08 7.170348424272935e-08
0.01 0.316 0.01 0.10002 -4.151999999999989e-07 -2.2890000000000132e-07 8.391700000000001e-06 0.001000232013084964 7.476172267530925e-08 7.240467929929188e-08 7.169667811865476e-08
0.01 0.34299999999999997 0.01 0.10004 -3.391999999999992e-07 -3.927999999999987e-07 7.472100000000003e-06 0.0010004319866937482 7.475273798956217e-08 7.238776428221345e-08 7.16859042462785e-08
0.01 0.34299999999999997 0.005 0.10003999999999999 -3.583000000000003e-07 -1.7660000000000175e-07 7.448100000000002e-06 0.0010004327963436623 7.47757057938373e-08 7.241069694207995e-08 7.17097386773798e-08
0.01 0.34299999999999997 -0.0 0.10008 -3.7249999999999924e-07 5.6600000000001096e-08 7.434300000000005e-06 0.001000831993893081 7.475968120583561e-08 7.245976073534272e-08 7.172712093554118e-08
0.01 0.34299999999999997 -0.005 0.10011 -3.841000000000011e-07 2.7930000000000177e-07 7.4419000000000015e-06 0.0010011319643283797 7.477169301643585e-08 7.241570187215498e-08 7.16970208582742e-08
0.01 0.34299999999999997 -0.01 0.10005 -4.0010000000000047e-07 4.900999999999989e-07 7.479800000000003e-06 0.0010005319834967795 7.468969935508967e-08 7.247571239594232e-08 7.181126705190823e-08
0.005 0.34299999999999997 -0.01 0.10002 -3.774e-07 5.007999999999984e-07 7.445400000000002e-06 0.001000231993089603 7.477168119671318e-08 7.23856855813247e-08 7.17387267556365e-08
0.005 0.34299999999999997 -0.005 0.1001 -3.7680000000000073e-07 2.7109999999999914e-07 7.428499999999999e-06 0.00100103117833562 7.47637226533225e-08 7.240372802931894e-08 7.173537807473947e-08
0.005 0.34299999999999997 0.0 0.10007999999999999 -3.6640000000000005e-07 4.200000000000037e-08 7.4192000000000034e-06 0.0010008311845661085 7.474671825720641e-08 7.241668866961861e-08 7.172971786272758e-08
0.005 0.34299999999999997 0.005 0.1001 -3.5810000000000006e-07 -1.820000000000016e-07 7.425700000000002e-06 0.0010010319675215172 7.473973284650346e-08 7.235270856904233e-08 7.172891581192681e-08
0.005 0.34299999999999997 0.01 0.10009 -3.490000000000007e-07 -4.139000000000004e-07 7.4631999999999974e-06 0.001000931970715293 7.473269602015644e-08 7.237968081487786e-08 7.1717702448053e-08
-0.0 0.34299999999999997 0.01 0.10001 -3.585999999999992e-07 -4.222000000000004e-07 7.447799999999993e-06 0.0010001312063924414 7.473682168291076e-08 7.23808805016012e-08 7.176075430636686e-08
-0.0 0.34299999999999997 0.005 0.10006999999999999 -3.627000000000005e-07 -1.9579999999999875e-07 7.4168000000000016e-06 0.001000731977104759 7.471971416239396e-08 7.239771398075135e-08 7.170399277172296e-08
-0.0 0.34299999999999997 -0.0 0.10010999999999999 -3.723000000000004e-07 2.870000000000095e-08 7.4157000000000025e-06 0.0010011319643283795 7.472474986689245e-08 7.240583415866996e-08 7.17714042850144e-08
-0.0 0.34299999999999997 -0.005 0.10012 -3.7480000000000015e-07 2.6720000000000075e-07 7.421e-06 0.0010012319611358799 7.462991401357101e-08 7.25238504767057e-08 7.184821668942939e-08
-0.0 0.34299999999999997 -0.01 0.1001 -3.7560000000000095e-07 4.881999999999997e-07 7.451599999999997e-06 0.001001032776686158 7.481381082428347e-08 7.23467563563928e-08 7.184260391127545e-08
-0.005 0.34299999999999997 -0.01 0.10006999999999999 -3.677e-07 4.7510000000000054e-07 7.456300000000004e-06 0.0010007311876822865 7.483768114748815e-08 7.234841130815785e-08 7.173868590072647e-08
-0.005 0.34299999999999997 -0.005 0.10003 -3.702999999999998e-07 2.589000000000008e-07 7.418900000000006e-06 0.0010003327996222057 7.485809779840746e-08 7.240496498928794e-08 7.177077056745344e-08
-0.005 0.34299999999999997 0.0 0.10019 -3.7829999999999946e-07 2.2099999999999897e-08 7.420400000000004e-06 0.001001931150329203 7.478968412502445e-08 7.237368563517416e-08 7.171939413419134e-08
-0.005 0.34299999999999997 0.005 0.10013000000000001 -3.6870000000000097e-07 -2.0840000000000025e-07 7.414600000000004e-06 0.001001331168994554 7.480872692265892e-08 7.242462619254731e-08 7.174268587056363e-08
-0.005 0.34299999999999997 0.01 0.10005 -3.7139999999999953e-07 -4.2979999999999963e-07 7.444299999999992e-06 0.0010005319834967795 7.480007538475645e-08 7.243290516524298e-08 7.174775960050659e-08
-0.01 0.34299999999999997 0.01 0.10005 -3.856999999999999e-07 -4.4599999999999915e-07 7.451900000000001e-06 0.0010005327930657747 7.472283963085738e-08 7.238069728022148e-08 7.172181806940342e-08
-0.01 0.34299999999999997 0.005 0.10010999999999999 -3.7550000000000084e-07 -2.1499999999999852e-07 7.411099999999998e-06 0.0010011311752213092 7.474273813804931e-08 7.244968530667901e-08 7.170296839876436e-08
-0.01 0.34299999999999997 -0.0 0.10007999999999999 -3.720000000000001e-07 1.6300000000002422e-08 7.4073e-06 0.0010008319739097068 7.473368122578753e-08 7.244277164961664e-08 7.171139985820078e-08
-0.01 0.34299999999999997 -0.005 0.1001 -3.5589999999999926e-07 2.4150000000000004e-07 7.410900000000004e-06 0.0010010319675215172 7.477318227249879e-08 7.255617913463931e-08 7.176678890829759e-08
-0.01 0.34299999999999997 -0.01 0.10015999999999999 -3.596000000000002e-07 4.722999999999991e-07 7.453700000000002e-06 0.001001631948372255 7.472270254530024e-08 7.244768531495534e-08 7.169970289084199e-08
-0.01 0.369 -0.01 0.10005999999999998 -2.7579999999999965e-07 8.553000000000005e-07 5.8220000000000046e-06 0.0010006311907990876 7.470880618063577e-08 7.241094280393173e-08 7.170725827097568e-08
-0.01 0.369 -0.005 0.10009 -2.8630000000000044e-07 4.34699999999999e-07 5.7697e-06 0.001000931970715293 7.47096842451817e-08 7.244969220715433e-08 7.171732204775779e-08
-0.01 0.369 0.0 0.1001 -2.922999999999995e-07 1.5500000000001624e-08 5.742700000000001e-06 0.00100103117833562 7.4690690681449e-08 7.243671983309853e-08 7.171287769957664e-08
-0.01 0.369 0.005 0.10006999999999998 -3.026000000000001e-07 -4.1020000000000223e-07 5.753999999999998e-06 0.0010007327865119637 7.466688033795548e-08 7.243079439379431e-08 7.174778659899807e-08
-0.01 0.369 0.01 0.1001 -3.105999999999998e-07 -8.279000000000009e-07 5.786400000000003e-06 0.001001032776686158 7.468767824437766e-08 7.243281864718313e-08 7.173443785609319e-08
-0.005 0.369 0.01 0.10011 -2.9110000000000106e-07 -8.097999999999994e-07 5.786799999999998e-06 0.0010011319643283797 7.466072875124164e-08 7.244178239049975e-08 7.179245536004968e-08
-0.005 0.369 0.005 0.1001 -2.905000000000005e-07 -3.909999999999997e-07 5.751899999999999e-06 0.0010010319675215172 7.4637693524787e-08 7.245568528196384e-08 7.175729743817834e-08
-0.005 0.369 -0.0 0.10006999999999999 -2.876000000000004e-07 3.679999999999795e-08 5.739700000000003e-06 0.001000731977104759 7.463768435750898e-08 7.249286778308444e-08 7.18057004928554e-08
-0.005 0.369 -0.005 0.10011 -2.8839999999999975e-07 4.521000000000011e-07 5.7645000000000005e-06 0.0010011319643283797 7.476423186814421e-08 7.257745930561802e-08 7.17597357910446e-08
-0.005 0.369 -0.01 0.10007999999999999 -2.8810000000000084e-07 8.730000000000002e-07 5.819599999999997e-06 0.0010008327832360408 7.470769325497837e-08 7.246275117649225e-08 7.170973767643897e-08
0.0 0.369 -0.01 0.10010999999999999 -3.0150000000000036e-07 8.921999999999999e-07 5.824099999999999e-06 0.0010011327734121983 7.468271034410309e-08 7.243783126762563e-08 7.170887849933992e-08
0.0 0.369 -0.005 0.10005999999999998 -2.933000000000005e-07 4.6709999999999946e-07 5.773500000000003e-06 0.0010006319803004498 7.472155782265986e-08 7.251014526200581e-08 7.180401246824778e-08
0.0 0.369 0.0 0.10012 -2.859999999999988e-07 5.169999999999897e-08 5.748399999999998e-06 0.0010012319611358799 7.477138938640084e-08 7.250604326257395e-08 7.176732659378733e-08
0.0 0.369 0.005 0.10012999999999998 -2.7869999999999976e-07 -3.6670000000000034e-07 5.754599999999998e-06 0.00100133276686624 7.468868264353906e-08 7.243172721731522e-08 7.170436720483816e-08
0.0 0.369 0.01 0.10006999999999999 -2.7340000000000005e-07 -7.947999999999983e-07 5.7977e-06 0.001000730418244594 7.468773356207015e-08 7.241371364382738e-08 7.170989881499766e-08
0.005 0.369 0.01 0.10012999999999998 -2.574999999999994e-07 -7.704999999999989e-07 5.807800000000002e-06 0.0010013319579440176 7.468169939787248e-08 7.246367840388007e-08 7.166167864441697e-08
0.005 0.369 0.005 0.10007999999999999 -2.682000000000004e-07 -3.47900000000001e-07 5.765900000000002e-06 0.0010008327832360408 7.469467862066276e-08 7.245168529842169e-08 7.168488343582358e-08
0.005 0.369 -0.0 0.10009 -2.853999999999995e-07 6.649999999999989e-08 5.765999999999999e-06 0.001000931970715293 7.469571437946845e-08 7.240170206881041e-08 7.170712982345535e-08
0.005 0.369 -0.005 0.10006999999999999 -2.989999999999993e-07 4.923000000000011e-07 5.784899999999999e-06 0.0010007311876822865 7.470068262993041e-08 7.250508052614312e-08 7.171976186146306e-08
0.005 0.369 -0.01 0.10005 -3.18199999999999e-07 9.076000000000001e-07 5.843499999999996e-06 0.0010005319834967795 7.473299710153019e-08 7.256711395110359e-08 7.180784264597051e-08
0.01 0.369 -0.01 0.10011 -3.3320000000000015e-07 9.219000000000005e-07 5.8678999999999985e-06 0.0010011327734121985 7.471476253334933e-08 7.243599374195387e-08 7.167790611659527e-08
0.01 0.369 -0.005 0.10012 -3.096000000000002e-07 5.133999999999985e-07 5.8089e-06 0.0010012311721076207 7.47097232546841e-08 7.242872002734034e-08 7.168308132720561e-08
0.01 0.369 0.0 0.10001999999999998 -2.878999999999993e-07 8.990000000000109e-08 5.789300000000003e-06 0.0010002312032725232 7.471067861865473e-08 7.246567840355502e-08 7.16859042462785e-08
0.01 0.369 0.005 0.10005 -2.6169999999999944e-07 -3.2959999999999935e-07 5.791200000000002e-06 0.0010005311939165116 7.469067811865476e-08 7.244176159440051e-08 7.173841835820948e-08
0.01 0.369 0.01 0.10008999999999998 -2.3969999999999964e-07 -7.504000000000011e-07 5.830600000000002e-06 0.001000931970715293 7.460668273877523e-08 7.249670611395606e-08 7.184999809127e-08
0.01 0.396 0.01 0.10007999999999999 -1.7210000000000004e-07 -8.309999999999984e-07 3.112300000000001e-06 0.0010008311845661085 7.464069643922274e-08 7.241675314631328e-08 7.177988436629831e-08
0.01 0.396 0.005 0.10007999999999999 -1.5140000000000015e-07 -3.511000000000014e-07 3.1488999999999988e-06 0.0010008319739097068 7.478101029183178e-08 7.240281581990723e-08 7.177367858902154e-08
0.01 0.396 -0.0 0.10011 -1.3859999999999982e-07 1.2029999999999819e-07 3.174900000000003e-06 0.0010011311752213094 7.471668610666476e-08 7.243084555236579e-08 7.170052760216223e-08
0.01 0.396 -0.005 0.10011 -1.232999999999998e-07 6.050999999999987e-07 3.1683000000000015e-06 0.0010011311752213094 7.478898462994103e-08 7.253538905466626e-08 7.179396663054805e-08
0.01 0.396 -0.01 0.10006999999999999 -1.0500000000000093e-07 1.0766999999999998e-06 3.142199999999995e-06 0.0010007311876822865 7.480914710109197e-08 7.252960307587536e-08 7.177449201215305e-08
0.005 0.396 -0.01 0.10006000000000001 -1.3200000000000018e-07 1.0506999999999989e-06 3.1552999999999997e-06 0.00100063198030045 7.473072786959069e-08 7.242479480079749e-08 7.173684866978162e-08
0.005 0.396 -0.005 0.1001 -1.366000000000006e-07 5.758000000000013e-07 3.1705000000000038e-06 0.0010010319875008989 7.471871853761264e-08 7.241780728775709e-08 7.171569055638874e-08
0.005 0.396 0.0 0.10003999999999999 -1.4129999999999976e-07 9.599999999999886e-08 3.1762999999999987e-06 0.0010004327963436623 7.470269615468616e-08 7.243968534825213e-08 7.1725737722816e-08
0.005 0.396 0.005 0.10017 -1.4860000000000013e-07 -3.704000000000013e-07 3.1542000000000015e-06 0.0010017311565485023 7.475197518766614e-08 7.254393969300797e-08 7.181521603108692e-08
0.005 0.396 0.01 0.10003 -1.584000000000002e-07 -8.418999999999982e-07 3.1150999999999983e-06 0.0010003320098847183 7.467868265494249e-08 7.247567840194085e-08 7.168970314387118e-08
-0.0 0.396 0.01 0.10005 -1.4890000000000041e-07 -8.662000000000003e-07 3.1214999999999993e-06 0.0010005327930657747 7.466069077686233e-08 7.247171247379949e-08 7.172672733006138e-08
-0.0 0.396 0.005 0.10004 -1.4900000000000053e-07 -3.8890000000000037e-07 3.1571000000000015e-06 0.0010004311970345588 7.470284044000392e-08 7.254768056829929e-08 7.177110256197922e-08
-0.0 0.396 -0.0 0.10006000000000001 -1.5020000000000033e-07 7.810000000000039e-08 3.1762999999999987e-06 0.00100063198030045 7.466367824514097e-08 7.251174058286859e-08 7.171468608675063e-08
-0.0 0.396 -0.005 0.10015999999999999 -1.555000000000001e-07 5.41499999999999e-07 3.1830999999999996e-06 0.001001631159659083 7.466171469150497e-08 7.253370033464665e-08 7.169068015946895e-08
-0.0 0.396 -0.01 0.10005 -1.5479999999999937e-07 1.0293999999999998e-06 3.1513999999999987e-06 0.0010005319834967795 7.469272834435509e-08 7.247070652751639e-08 7.167669675201542e-08
-0.005 0.396 -0.01 0.10005 -1.7400000000000055e-07 1.0038000000000005e-06 3.1432000000000015e-06 0.0010005311939165116 7.466970653481951e-08 7.244770143456045e-08 7.172487533813428e-08
-0.005 0.396 -0.005 0.10013000000000001 -1.6460000000000085e-07 5.194000000000004e-07 3.1716999999999996e-06 0.0010013319779174138 7.463077811737928e-08 7.247785496322917e-08 7.174687115086449e-08
-0.005 0.396 0.0 0.10003 -1.5460000000000058e-07 6.140000000000034e-08 3.1648999999999983e-06 0.0010003320098847183 7.456369382067311e-08 7.252271785331843e-08 7.182180817404882e-08
-0.005 0.396 0.005 0.10012 -1.445000000000002e-07 -4.142000000000007e-07 3.151000000000004e-06 0.0010012319611358799 7.459871104032608e-08 7.252368501329139e-08 7.177592644651076e-08
-0.005 0.396 0.01 0.10012999999999998 -1.349000000000003e-07 -8.833000000000007e-07 3.1084e-06 0.0010013319579440176 7.467671896564561e-08 7.251686526288982e-08 7.170892057417346e-08
-0.01 0.396 0.01 0.10009 -1.2090000000000016e-07 -9.026000000000006e-07 3.0864999999999975e-06 0.001000931181450553 7.471918906413064e-08 7.241188239798162e-08 7.168417182690356e-08
-0.01 0.396 0.005 0.10011 -1.3999999999999985e-07 -4.3350000000000054e-07 3.1327999999999965e-06 0.0010011327734121985 7.479822726209023e-08 7.252609707856456e-08 7.177100354040036e-08
-0.01 0.396 -0.0 0.10012 -1.575000000000007e-07 3.640000000000032e-08 3.1528999999999974e-06 0.0010012319611358799 7.478226282242798e-08 7.256171674602048e-08 7.175092904992087e-08
-0.01 0.396 -0.005 0.10005 -1.7609999999999986e-07 5.067999999999989e-07 3.1518000000000047e-06 0.0010005311939165116 7.46768798280992e-08 7.249281391594967e-08 7.176469519631526e-08
-0.01 0.396 -0.01 0.10009 -1.9640000000000075e-07 9.826999999999989e-07 3.1339000000000006e-06 0.0010009319906966706 7.471968822091193e-08 7.24567193552812e-08 7.1705859509156e-08
-0.01 0.42200000000000004 -0.01 0.10013999999999998 -9.620000000000045e-08 5.274999999999988e-07 1.213599999999998e-06 0.0010014327635942412 7.475912275826638e-08 7.251577589993975e-08 7.177472511009827e-08
-0.01 0.42200000000000004 -0.005 0.10017 -8.279999999999954e-08 2.782000000000007e-07 1.2693999999999984e-06 0.0010017327537821651 7.477590554156728e-08 7.250808569625089e-08 7.178375686693002e-08
-0.01 0.42200000000000004 0.0 0.10017 -6.310000000000065e-08 3.539999999999932e-08 1.2827000000000032e-06 0.0010017311565485023 7.469371439767608e-08 7.243909589222687e-08 7.173076144858423e-08
-0.01 0.42200000000000004 0.005 0.10007999999999999 -4.240000000000077e-08 -2.0830000000000016e-07 1.261899999999999e-06 0.0010008319739097068 7.468773356207015e-08 7.24707917513501e-08 7.174169024273478e-08
-0.01 0.42200000000000004 0.01 0.10006999999999999 -2.309999999999951e-08 -4.512999999999989e-07 1.2162000000000005e-06 0.001000731977104759 7.471388808067274e-08 7.249933627492722e-08 7.175495394428704e-08
-0.005 0.42200000000000004 0.01 0.10012 -3.719999999999973e-08 -4.371000000000014e-07 1.229600000000003e-06 0.0010012311721076207 7.464071933981262e-08 7.247471893450909e-08 7.1797623379466e-08
-0.005 0.42200000000000004 0.005 0.10003999999999999 -4.789999999999933e-08 -1.9810000000000107e-07 1.273200000000002e-06 0.001000431986693748 7.468868616288997e-08 7.246867925631082e-08 7.176910336400749e-08
-0.005 0.42200000000000004 -0.0 0.10002 -5.850000000000022e-08 4.4099999999999693e-08 1.2952000000000018e-06 0.001000231993089603 7.473132284307397e-08 7.255346947960694e-08 7.181325782098924e-08
-0.005 0.42200000000000004 -0.005 0.10011 -6.290000000000045e-08 2.9879999999999905e-07 1.2694000000000039e-06 0.0010011327734121985 7.471214310038332e-08 7.256822327288386e-08 7.178541064351851e-08
-0.005 0.42200000000000004 -0.01 0.10009 -7.349999999999995e-08 5.37e-07 1.2300000000000033e-06 0.0010009327799607724 7.464369960346768e-08 7.248168065959026e-08 7.181285959191585e-08
0.0 0.42200000000000004 -0.01 0.10006000000000001 -4.630000000000051e-08 5.50299999999998e-07 1.2313999999999991e-06 0.00100063198030045 7.463168844763886e-08 7.25061017455462e-08 7.185169959084535e-08
0.0 0.42200000000000004 -0.005 0.10007999999999999 -5.150000000000016e-08 3.078000000000011e-07 1.2780999999999986e-06 0.0010008319938930809 7.461468016783455e-08 7.245668270055023e-08 7.185369955327443e-08
0.0 0.42200000000000004 0.0 0.10007999999999999 -5.749999999999922e-08 5.480000000000068e-08 1.302399999999998e-06 0.0010008319938930809 7.471968822091193e-08 7.241268869441509e-08 7.171480560060115e-08
0.0 0.42200000000000004 0.005 0.10004 -5.290000000000017e-08 -1.8730000000000137e-07 1.271899999999998e-06 0.0010004311970345588 7.469768827665536e-08 7.243868274827819e-08 7.166269702603002e-08
0.0 0.42200000000000004 0.01 0.10009 -5.980000000000013e-08 -4.299999999999998e-07 1.2324000000000003e-06 0.001000930392185191 7.460069662760815e-08 7.249669603569815e-08 7.173803297458332e-08
0.005 0.42200000000000004 0.01 0.10012 -7.810000000000039e-08 -4.238999999999993e-07 1.2328000000000005e-06 0.0010012319611358799 7.469367824418827e-08 7.246567840355502e-08 7.169461815747826e-08
0.005 0.42200000000000004 0.005 0.10003 -6.400000000000016e-08 -1.7540000000000055e-07 1.2747999999999982e-06 0.0010003312001532292 7.469371439767608e-08 7.245467811865476e-08 7.169615871207098e-08
0.005 0.42200000000000004 -0.0 0.10010999999999999 -5.809999999999982e-08 6.82000000000002e-08 1.303299999999996e-06 0.0010011311752213092 7.468472844546241e-08 7.251175835007145e-08 7.169872872464617e-08
0.005 0.42200000000000004 -0.005 0.10003999999999999 -3.4399999999999706e-08 3.115999999999994e-07 1.2768000000000002e-06 0.0010004311970345586 7.465869078327477e-08 7.249971193611043e-08 7.172312268503852e-08
0.005 0.42200000000000004 -0.01 0.10004 -2.1300000000000485e-08 5.647000000000013e-07 1.2247999999999982e-06 0.0010004327963436626 7.467670282861308e-08 7.248476943535748e-08 7.169394715610076e-08
0.01 0.42200000000000004 -0.01 0.10006999999999999 1.0300000000000587e-08 5.65199999999999e-07 1.206700000000005e-06 0.001000731977104759 7.468676312780635e-08 7.246084268234584e-08 7.170216286387275e-08
0.01 0.42200000000000004 -0.005 0.10012999999999998 -1.18000000000007e-08 3.2189999999999994e-07 1.2521000000000005e-06 0.00100133276686624 7.47249651039113e-08 7.253320932552063e-08 7.172927421132349e-08
0.01 0.42200000000000004 0.0 0.10007999999999999 -4.0099999999999856e-08 7.989999999999941e-08 1.271e-06 0.0010008311845661085 7.466585118692877e-08 7.255584748757459e-08 7.174865307018297e-08
0.01 0.42200000000000004 0.005 0.10008999999999998 -5.459999999999909e-08 -1.687000000000022e-07 1.244099999999998e-06 0.0010009327799607721 7.461494911334762e-08 7.256483345195345e-08 7.173010933261674e-08
0.01 0.42200000000000004 0.01 0.10005999999999998 -8.529999999999926e-08 -4.052e-07 1.2031000000000014e-06 0.0010006319803004498 7.470617483370784e-08 7.257140485839921e-08 7.179458309603977e-08
0.01 0.44799999999999995 0.01 0.10016 -3.020000000000106e-08 -1.3790000000000051e-07 4.5390000000000154e-07 0.0010016311596590833 7.463168130661572e-08 7.24996806340247e-08 7.169979186337778e-08
0.01 0.44799999999999995 0.005 0.10003999999999999 -2.0199999999999383e-08 -5.359999999999948e-08 4.6900000000000273e-07 0.001000431986693748 7.467174489415854e-08 7.246042152841517e-08 7.173331197297408e-08
0.01 0.44799999999999995 -0.0 0.10013000000000001 -1.0400000000000687e-08 3.540000000000071e-08 4.757000000000011e-07 0.001001331168994554 7.456268279154911e-08 7.256276558959127e-08 7.187401126096611e-08
0.01 0.44799999999999995 -0.005 0.10012 -2.399999999999625e-09 1.2009999999999936e-07 4.7479999999999745e-07 0.0010012319611358799 7.461591485923785e-08 7.260800096941053e-08 7.191535068827689e-08
0.01 0.44799999999999995 -0.01 0.10010999999999999 8.299999999999973e-09 2.123999999999987e-07 4.4700000000000293e-07 0.0010011311752213092 7.461567927102334e-08 7.249977901016424e-08 7.186183492812948e-08
0.005 0.44799999999999995 -0.01 0.10009 -1.1000000000011e-09 2.1020000000000065e-07 4.5430000000000194e-07 0.001000931970715293 7.465171478430506e-08 7.246287103040848e-08 7.175676224529085e-08
0.005 0.44799999999999995 -0.005 0.10009 -8.599999999998886e-09 1.1940000000000005e-07 4.796000000000023e-07 0.001000931970715293 7.47000572683471e-08 7.251112250824306e-08 7.182847058597595e-08
0.005 0.44799999999999995 0.0 0.10010999999999999 -1.2399999999999911e-08 3.760000000000013e-08 4.804000000000031e-07 0.0010011319643283795 7.4657679258761e-08 7.245968069155166e-08 7.17359361349609e-08
0.005 0.44799999999999995 0.005 0.10006999999999999 -1.8099999999998673e-08 -5.970000000000003e-08 4.780000000000007e-07 0.001000732786511964 7.463868270113681e-08 7.247968066246299e-08 7.175470876954581e-08
0.005 0.44799999999999995 0.01 0.10013000000000001 -2.0599999999999784e-08 -1.454999999999998e-07 4.541000000000017e-07 0.0010013319779174138 7.46336792657359e-08 7.249967839814048e-08 7.173467811865475e-08
-0.0 0.44799999999999995 0.01 0.10008 -1.8699999999999274e-08 -1.459000000000002e-07 4.591000000000012e-07 0.0010008319739097068 7.46376792645675e-08 7.249267924098885e-08 7.169926296579738e-08
-0.0 0.44799999999999995 0.005 0.10012999999999998 -1.870000000000066e-08 -6.609999999999949e-08 4.861000000000004e-07 0.0010013311689945539 7.464789160029377e-08 7.254511427180918e-08 7.17796823281881e-08
-0.0 0.44799999999999995 -0.0 0.10006999999999999 -1.679999999999876e-08 3.060000000000007e-08 4.873000000000017e-07 0.0010007311876822865 7.464968129204774e-08 7.24896783997115e-08 7.176568996692946e-08
-0.0 0.44799999999999995 -0.005 0.1001 -1.4600000000000723e-08 1.2059999999999988e-07 4.790000000000017e-07 0.001001032776686158 7.468676589434583e-08 7.254341596133712e-08 7.182693704919014e-08
-0.0 0.44799999999999995 -0.01 0.10007999999999999 -1.5700000000000435e-08 2.0460000000000063e-07 4.653000000000018e-07 0.0010008327832360408 7.466672867444901e-08 7.246568068275545e-08 7.173258320230979e-08
-0.005 0.44799999999999995 -0.01 0.10007999999999999 -2.0699999999999884e-08 2.0599999999999925e-07 4.5319999999999805e-07 0.0010008319739097068 7.466071913110008e-08 7.242612150157358e-08 7.169570299143716e-08
-0.005 0.44799999999999995 -0.005 0.1001 -2.1300000000000485e-08 1.1710000000000054e-07 4.777000000000032e-07 0.0010010319675215172 7.463667811865476e-08 7.240771376942936e-08 7.170794337925497e-08
-0.005 0.44799999999999995 0.0 0.10005999999999998 -1.9399999999999972e-08 2.0400000000000973e-08 4.90299999999999e-07 0.0010006319803004498 7.470307088490409e-08 7.25166327138758e-08 7.178076970352028e-08
-0.005 0.44799999999999995 0.005 0.10009 -1.4800000000000923e-08 -5.980000000000013e-08 4.7639999999999905e-07 0.001000931970715293 7.473532220229744e-08 7.252776204627065e-08 7.173911576868514e-08
-0.005 0.44799999999999995 0.01 0.10006999999999998 -1.3399999999999523e-08 -1.5519999999999978e-07 4.638000000000031e-07 0.0010007319771047588 7.464875125154603e-08 7.244403151597453e-08 7.17048068829504e-08
-0.01 0.44799999999999995 0.01 0.1001 -6.40000000000085e-09 -1.5890000000000071e-07 4.5989999999999644e-07 0.0010010319675215172 7.459175863830389e-08 7.245771274910718e-08 7.175851398366416e-08
-0.01 0.44799999999999995 0.005 0.10007999999999999 -1.2399999999999911e-08 -6.250000000000005e-08 4.712999999999967e-07 0.0010008311845661085 7.465704758944687e-08 7.26089262583878e-08 7.186112324989744e-08
-0.01 0.44799999999999995 -0.0 0.10006999999999999 -2.0900000000000085e-08 2.0000000000000573e-08 4.827999999999998e-07 0.001000732786511964 7.451267864469365e-08 7.26016783830651e-08 7.186936875898979e-08
-0.01 0.44799999999999995 -0.005 0.10006000000000001 -2.909999999999996e-08 1.1130000000000029e-07 4.7599999999999865e-07 0.0010006311907990878 7.464567926223782e-08 7.249974100184249e-08 7.173979813109256e-08
-0.01 0.44799999999999995 -0.01 0.10013999999999999 -3.389999999999921e-08 1.996999999999999e-07 4.5310000000000074e-07 0.0010014303770108034 7.46526786260114e-08 7.243070718817655e-08 7.174173679787723e-08
-0.01 0.475 -0.01 0.1001 -8.499999999998786e-09 7.129999999999914e-08 1.7619999999999857e-07 0.00100103117833562 7.467880714881495e-08 7.248430096469617e-08 7.176290813153218e-08
-0.01 0.475 -0.005 0.10005999999999998 -8.600000000000274e-09 4.270000000000107e-08 1.8480000000000163e-07 0.0010006319803004498 7.46446964205949e-08 7.24087358326327e-08 7.171209811046638e-08
-0.01 0.475 0.0 0.1001 3.3000000000005246e-09 9.599999999999886e-09 1.780999999999977e-07 0.0010010319675215172 7.464268625699832e-08 7.246576045290578e-08 7.17317148466915e-08
-0.01 0.475 0.005 0.10005 -2.2999999999995247e-09 -2.0199999999999383e-08 1.8299999999999983e-07 0.0010005311939165116 7.461972429387449e-08 7.243595664689302e-08 7.176700003928312e-08
-0.01 0.475 0.01 0.10005999999999998 4.999999999991123e-10 -5.1199999999999856e-08 1.778999999999975e-07 0.0010006319803004498 7.461068016993627e-08 7.245569215871288e-08 7.174137885116638e-08
-0.005 0.475 0.01 0.10005 -7.400000000000462e-09 -5.5400000000001284e-08 1.90499999999999e-07 0.0010005319834967795 7.461769974644235e-08 7.244071973665127e-08 7.180060747416363e-08
-0.005 0.475 0.005 0.10007999999999999 -6.899999999999962e-09 -1.6800000000000147e-08 1.900999999999986e-07 0.0010008327832360408 7.458671991409505e-08 7.2515800275186e-08 7.179686226510507e-08
-0.005 0.475 -0.0 0.10009 -2.999999999998837e-09 1.1899999999999412e-08 1.8710000000000117e-07 0.001000931181450553 7.460269096549892e-08 7.251377822680183e-08 7.17749008397052e-08
-0.005 0.475 -0.005 0.10008999999999998 -1.3000000000000512e-08 3.9100000000000244e-08 1.9660000000000233e-07 0.0010009327799607721 7.458468637884213e-08 7.247667811865476e-08 7.176219606904838e-08
-0.005 0.475 -0.01 0.10008999999999998 -9.799999999998698e-09 7.759999999999989e-08 1.8050000000000011e-07 0.001000931970715293 7.463168436705579e-08 7.238867931054945e-08 7.173369033754562e-08
0.0 0.475 -0.01 0.10012 -3.999999999999837e-09 7.399999999999906e-08 1.8130000000000092e-07 0.0010012311721076207 7.461068273403664e-08 7.241767841156627e-08 7.17276904096326e-08
0.0 0.475 -0.005 0.1001 -8.999999999995123e-10 4.289999999999988e-08 1.8499999999999627e-07 0.00100103117833562 7.460467863226541e-08 7.247671888828608e-08 7.171404146261347e-08
0.0 0.475 0.0 0.10012 -4.999999999999449e-09 1.4900000000001023e-08 1.8960000000000088e-07 0.0010012311721076207 7.457767928234736e-08 7.247169203114949e-08 7.170829227252387e-08
0.0 0.475 0.005 0.10016 -7.600000000000662e-09 -2.1599999999999396e-08 1.9489999999999786e-07 0.0010016311596590833 7.45607201963469e-08 7.255476596905668e-08 7.183901937908974e-08
0.0 0.475 0.01 0.1001 -3.3999999999992368e-09 -4.760000000000042e-08 1.8480000000000163e-07 0.00100103117833562 7.454878025382521e-08 7.254878692936212e-08 7.187739059394591e-08
0.005 0.475 0.01 0.1001 -8.000000000001063e-09 -4.839999999999983e-08 1.8159999999999842e-07 0.0010010319675215172 7.452268021729007e-08 7.250967839658692e-08 7.17896897033933e-08
0.005 0.475 0.005 0.1001 -6.000000000000449e-09 -2.2400000000000197e-08 1.9170000000000021e-07 0.0010010319675215172 7.4566680193343e-08 7.253567839262734e-08 7.170568264125755e-08
0.005 0.475 -0.0 0.10009 -5.099999999999549e-09 1.709999999999906e-08 1.908999999999994e-07 0.001000931181450553 7.463187206948147e-08 7.254678704788526e-08 7.172215327900226e-08
0.005 0.475 -0.005 0.10012 9.999999999996123e-10 4.4500000000000094e-08 1.8320000000000003e-07 0.0010012311721076207 7.46156843926574e-08 7.250977844937564e-08 7.172415234131658e-08
0.005 0.475 -0.01 0.10013999999999998 2.6999999999999245e-09 7.330000000000114e-08 1.7939999999999622e-07 0.0010014311658821087 7.461668272694697e-08 7.245576092471296e-08 7.173131321505307e-08
0.01 0.475 -0.01 0.1001 4.300000000000137e-09 7.790000000000019e-08 1.7599999999999837e-07 0.0010010319675215172 7.471543778684959e-08 7.254172809066536e-08 7.173849619594276e-08
0.01 0.475 -0.005 0.10008999999999998 1.8000000000004123e-09 4.4800000000000395e-08 1.8440000000000123e-07 0.001000931970715293 7.470242084583546e-08 7.251864106075285e-08 7.181158865089614e-08
0.01 0.475 0.0 0.10007999999999999 -8.000000000001063e-09 1.4000000000000124e-08 1.939000000000024e-07 0.0010008327832360408 7.463568436068802e-08 7.248768065101086e-08 7.16698663170809e-08
0.01 0.475 0.005 0.1001 -5.7000000000001495e-09 -1.4500000000000623e-08 1.8349999999999756e-07 0.00100103117833562 7.462235934288559e-08 7.257715072761531e-08 7.188764370863604e-08
0.01 0.475 0.01 0.10014999999999999 -1.16000000000005e-08 -4.810000000000092e-08 1.8690000000000097e-07 0.0010015319515622055 7.465379997829846e-08 7.252467922119025e-08 7.174230983588722e-08
0.01 0.501 0.01 0.10011 -4.300000000000137e-09 -1.2600000000000111e-08 8.279999999999954e-08 0.0010011327734121985 7.464270304227872e-08 7.247788438844898e-08 7.176541979318933e-08
0.01 0.501 0.005 0.10017 -3.499999999999337e-09 -7.800000000000862e-09 8.920000000000039e-08 0.0010017311565485023 7.460068017520948e-08 7.254273161132358e-08 7.173193714554265e-08
0.01 0.501 -0.0 0.1001 1.5000000000001123e-09 6.699999999999761e-09 8.400000000000074e-08 0.00100103117833562 7.470719059830499e-08 7.260653992796471e-08 7.179778160958835e-08
0.01 0.501 -0.005 0.10015999999999999 1.5000000000001123e-09 1.880000000000076e-08 8.410000000000362e-08 0.001001632757052204 7.467513217943034e-08 7.252554670893891e-08 7.180378104153074e-08
0.01 0.501 -0.01 0.10012 2.9999999999891226e-10 2.5000000000000022e-08 8.650000000000046e-08 0.0010012319611358799 7.459772455521813e-08 7.240000046800079e-08 7.178337378845119e-08
0.005 0.501 -0.01 0.10003999999999999 3.3000000000005246e-09 3.020000000000106e-08 7.849999999999801e-08 0.0010004327963436623 7.461269657068698e-08 7.244697302448152e-08 7.175775882232568e-08
0.005 0.501 -0.005 0.10012 1.1999999999998124e-09 1.919999999999977e-08 8.429999999999826e-08 0.0010012311721076207 7.456069110564585e-08 7.252977734629464e-08 7.189686528769682e-08
0.005 0.501 0.0 0.10013000000000001 -7.999999999994123e-10 1.5000000000001123e-09 9.080000000000199e-08 0.001001331168994554 7.456069110564585e-08 7.251570055618843e-08 7.182400556374897e-08
0.005 0.501 0.005 0.1001 -1.5000000000001123e-09 -2.0000000000006122e-09 8.330000000000282e-08 0.00100103117833562 7.460373475836603e-08 7.248468826518718e-08 7.181875122093637e-08
0.005 0.501 0.01 0.10019999999999998 -2.8000000000000247e-09 -2.1599999999999396e-08 8.569999999999966e-08 0.0010020319356188205 7.45916844314556e-08 7.248771216447381e-08 7.171483946027273e-08
-0.0 0.501 0.01 0.10003999999999999 -6.7999999999998615e-09 -2.3200000000001e-08 9.230000000000071e-08 0.001000432006685112 7.458968855947597e-08 7.249075002731463e-08 7.17466858406337e-08
-0.0 0.501 0.005 0.1001 -2.0000000000006122e-09 -2.099999999999325e-09 8.45999999999958e-08 0.0010010319675215172 7.462671948717986e-08 7.244168071830619e-08 7.170652248400509e-08
-0.0 0.501 -0.0 0.10006999999999999 -2.5999999999998248e-09 2.5999999999998248e-09 8.809999999999652e-08 0.001000732786511964 7.460867863173836e-08 7.244067811865476e-08 7.173096043252676e-08
-0.0 0.501 -0.005 0.10007999999999999 -3.9999999999901226e-10 1.8499999999999074e-08 8.520000000000194e-08 0.0010008327832360408 7.465169347005851e-08 7.250667923224016e-08 7.173291488183636e-08
-0.0 0.501 -0.01 0.10009 -9.000000000009001e-10 3.050000000000136e-08 8.289999999999687e-08 0.001000931970715293 7.464879238820053e-08 7.241774402247921e-08 7.177768233607847e-08
-0.005 0.501 -0.01 0.10009 -5.1999999999996495e-09 2.5300000000000323e-08 8.849999999999691e-08 0.001000931181450553 7.46716782448855e-08 7.24416922722653e-08 7.171373843588398e-08
-0.005 0.501 -0.005 0.10007999999999999 -7.699999999999374e-09 1.899999999999957e-08 9.419999999999984e-08 0.0010008319739097068 7.46266862902499e-08 7.240989264307479e-08 7.171268610265489e-08
-0.005 0.501 0.0 0.10011 -1.2999999999999124e-09 6.700000000001149e-09 8.610000000000006e-08 0.0010011311752213094 7.460469095890067e-08 7.24087358326327e-08 7.173491441951506e-08
-0.005 0.501 0.005 0.10009 -1.8000000000004123e-09 -1.0299999999999199e-08 8.940000000000059e-08 0.0010009327799607724 7.459967927576438e-08 7.240168551071429e-08 7.173491441951506e-08
-0.005 0.501 0.01 0.10007999999999999 -5.000000000005001e-10 -1.4400000000000523e-08 8.040000000000269e-08 0.0010008319938930809 7.462168131476697e-08 7.239568078927578e-08 7.171785734798785e-08
-0.01 0.501 0.01 0.10006999999999998 2.5000000000011126e-09 -1.909999999999967e-08 7.940000000000169e-08 0.0010007311876822865 7.467193372767571e-08 7.243585926856337e-08 7.176268001979373e-08
-0.01 0.501 0.005 0.10008 1.2999999999999124e-09 -9.999999999998898e-09 8.540000000000214e-08 0.001000832783236041 7.457769997015754e-08 7.244571298862135e-08 7.178014527570074e-08
-0.01 0.501 -0.0 0.10010000000000001 7.400000000000462e-09 9.199999999999487e-09 7.149999999999657e-08 0.0010010327766861583 7.457674071514747e-08 7.245879253138637e-08 7.178368231249559e-08
-0.01 0.501 -0.005 0.10007999999999999 -3.1000000000003247e-09 1.6700000000000047e-08 8.609999999999452e-08 0.0010008311845661085 7.465737192486775e-08 7.251337165888837e-08 7.183568300753302e-08
-0.01 0.501 -0.01 0.10007999999999999 -7.999999999994123e-10 2.9899999999999374e-08 7.870000000000377e-08 0.0010008311845661085 7.464702591832897e-08 7.241999669633417e-08 7.192333553111716e-08
0.0 0.0 0.0 0.10017 -3.6000000000008247e-09 1.6999999999989246e-09 1.0310000000000041e-07 0.0010017319451829415 7.495899637415305e-08 7.253634512005452e-08 7.171579005271982e-08
