-0.01 0.0 -0.01 0.049969999999999994 2.3000000000009123e-09 -1.4700000000000823e-08 4.469999999999752e-08 0.0004997640343201979 7.468768126172619e-08 7.264068226372803e-08 7.166567864221482e-08
-0.01 0.0 -0.005 0.04999 -4.600000000000437e-09 -1.0000000000010001e-09 4.730000000000012e-08 0.0004999640487075045 7.465989095161274e-08 7.264567837705268e-08 7.171982032865293e-08
-0.01 0.0 0.0 0.049949999999999994 -3.3000000000005246e-09 1.5999999999988246e-09 5.29999999999975e-08 0.0004995640599562782 7.474077538795236e-08 7.264168044905211e-08 7.16597207941968e-08
-0.01 0.0 0.005 0.04999999999999999 -4.999999999991123e-10 7.299999999998974e-09 5.0200000000000244e-08 0.0005000639959045241 7.472973298267441e-08 7.264469466460259e-08 7.168120581017107e-08
-0.01 0.0 0.01 0.04988999999999999 9.999999999996123e-10 1.9600000000000172e-08 4.5499999999998316e-08 0.0004989641770708593 7.476367824202016e-08 7.266569883465753e-08 7.169779209383695e-08
-0.005 0.0 0.01 0.050030000000000005 5.999999999992123e-10 1.4200000000000324e-08 4.649999999999932e-08 0.0005003639575349128 7.479368118012801e-08 7.262372228960325e-08 7.168288385819758e-08
-0.005 0.0 0.005 0.049960000000000004 -4.499999999998949e-09 6.199999999997874e-09 5.6200000000000695e-08 0.000499664047135673 7.472867861641481e-08 7.266019754661642e-08 7.171087809865875e-08
-0.005 0.0 -0.0 0.049960000000000004 -2.4999999999997246e-09 6.2000000000006494e-09 4.19999999999976e-08 0.0004996624660708466 7.484824890354775e-08 7.26366443696571e-08 7.189620163170711e-08
-0.005 0.0 -0.005 0.049929999999999995 -3.0000000000002246e-09 -1.05999999999995e-08 5.390000000000117e-08 0.0004993657076732442 7.505868547835415e-08 7.258175534848789e-08 7.167273009230275e-08
-0.005 0.0 -0.01 0.05002 -3.599999999999437e-09 -1.1399999999997523e-08 5.210000000000492e-08 0.0005002639703196703 7.509070049302683e-08 7.244569223963476e-08 7.167395274200991e-08
0.0 0.0 -0.01 0.04995 -5.000000000005001e-10 -8.599999999997498e-09 4.5200000000000795e-08 0.0004995656813673253 7.509875514623757e-08 7.252223711576195e-08 7.165006621736583e-08
0.0 0.0 -0.005 0.050030000000000005 -4.400000000000237e-09 -8.500000000000174e-09 5.6400000000000895e-08 0.0005003623786816911 7.51496917478296e-08 7.247585516359954e-08 7.157784476930502e-08
0.0 0.0 0.0 0.04994 -2.0000000000006122e-09 4.599999999999049e-09 4.609999999999892e-08 0.000499464072782017 7.513168366038392e-08 7.246968067692465e-08 7.159169230696276e-08
0.0 0.0 0.005 0.049949999999999994 -1.8000000000004123e-09 7.899999999999574e-09 5.180000000000185e-08 0.0004995624785750027 7.515668531612981e-08 7.246376054683662e-08 7.155211141963588e-08
0.0 0.0 0.01 0.04994 -1.4000000000000123e-09 1.3699999999999823e-08 4.970000000000252e-08 0.000499464072782017 7.511376090234165e-08 7.243768535662453e-08 7.159213600193677e-08
0.005 0.0 0.01 0.049999999999999996 -5.000000000000837e-09 1.4700000000000823e-08 5.169999999999897e-08 0.00050006241610423 7.516967912784953e-08 7.244167840750511e-08 7.153267811865476e-08
0.005 0.0 0.005 0.04999 -1.4000000000000123e-09 7.599999999999274e-09 4.939999999999944e-08 0.0004999640087046266 7.520672260242046e-08 7.242677252165245e-08 7.157169263653468e-08
0.005 0.0 -0.0 0.04998 3.4000000000006248e-09 -2.900000000000125e-09 4.930000000000212e-08 0.0004998624410775429 7.52458290532985e-08 7.252397842472653e-08 7.160576023779243e-08
0.005 0.0 -0.005 0.049960000000000004 -2.099999999999325e-09 -5.000000000005001e-10 4.799999999999805e-08 0.0004996624660708466 7.51966852519527e-08 7.253418517923884e-08 7.156465001514784e-08
0.005 0.0 -0.01 0.04994 -4.099999999999937e-09 -1.7000000000000347e-08 5.330000000000057e-08 0.0004994641128249356 7.521068211865298e-08 7.25327176352405e-08 7.148911244472215e-08
0.01 0.0 -0.01 0.04999 1.5999999999988246e-09 -1.2100000000000998e-08 4.490000000000327e-08 0.0004999624285883891 7.528596237211924e-08 7.260728561626728e-08 7.160081631017336e-08
0.01 0.0 -0.005 0.04999 -9.000000000009001e-10 -2.1999999999994245e-09 4.629999999999912e-08 0.0004999640087046266 7.523806257328196e-08 7.258502333765792e-08 7.156271567651239e-08
0.01 0.0 0.0 0.049969999999999994 -5.100000000000937e-09 -3.700000000000925e-09 5.7399999999996345e-08 0.0004997656550824595 7.521171022251716e-08 7.2481915539217e-08 7.15390801949438e-08
0.01 0.0 0.005 0.04994 -4.0000000000040006e-10 6.500000000000949e-09 5.260000000000264e-08 0.0004994624910841654 7.511568368051277e-08 7.251970050657593e-08 7.158305533064508e-08
0.01 0.0 0.01 0.049929999999999995 -3.499999999999337e-09 1.3699999999999823e-08 4.989999999999717e-08 0.0004993640856128922 7.51878479836476e-08 7.278394076482384e-08 7.157223600991918e-08
0.01 0.026000000000000002 0.01 0.049999999999999996 -7.3000000000003615e-09 3.270000000000217e-08 9.809999999999542e-08 0.00050006241610423 7.515116863210032e-08 7.277452162047363e-08 7.162183672175303e-08
0.01 0.026000000000000002 0.005 0.04999 -7.599999999999274e-09 1.579999999999915e-08 1.0399999999999854e-07 0.0004999640487075045 7.506686176951247e-08 7.269769044876244e-08 7.156631472376232e-08
0.01 0.026000000000000002 -0.0 0.04997 -4.299999999998749e-09 -9.999999999982245e-10 1.0500000000000508e-07 0.0004997624535716944 7.503668967666059e-08 7.264294311083363e-08 7.162531028515668e-08
0.01 0.026000000000000002 -0.005 0.04992999999999999 7.100000000000162e-09 -1.2599999999998723e-08 8.589999999999986e-08 0.0004993640856128922 7.507568739699541e-08 7.265995747267254e-08 7.163572514448642e-08
0.01 0.026000000000000002 -0.01 0.049999999999999996 -3.999999999999837e-09 -3.3400000000000094e-08 1.0110000000000397e-07 0.00050006241610423 7.512868219289462e-08 7.266867914010495e-08 7.155921214861467e-08
0.005 0.026000000000000002 -0.01 0.05000999999999999 -3.800000000001025e-09 -3.190000000000137e-08 1.0120000000000129e-07 0.0005001639831095397 7.510670041159186e-08 7.266876085439398e-08 7.150190627791098e-08
0.005 0.026000000000000002 -0.005 0.049929999999999995 -4.999999999999449e-09 -1.0100000000001775e-08 1.0170000000000457e-07 0.0004993641256638285 7.506882680817879e-08 7.264203256566857e-08 7.15817062467884e-08
0.005 0.026000000000000002 0.0 0.049969999999999994 -9.399999999999687e-09 -5.399999999999849e-09 1.1260000000000159e-07 0.0004997656550824595 7.511569185302608e-08 7.265581410361828e-08 7.158923716618657e-08
0.005 0.026000000000000002 0.005 0.05006 -5.400000000001237e-09 2.2800000000000598e-08 9.770000000000056e-08 0.000500662341303997 7.511768367798866e-08 7.26341588178041e-08 7.157942088840885e-08
0.005 0.026000000000000002 0.01 0.04997 -1.1899999999999412e-08 3.3700000000000394e-08 1.0799999999999698e-07 0.0004997640743390825 7.507767914911032e-08 7.26476990271635e-08 7.1574715154898e-08
-0.0 0.026000000000000002 0.01 0.050019999999999995 -4.400000000000237e-09 2.8199999999997672e-08 1.0410000000000142e-07 0.0005002639703196702 7.506867811865476e-08 7.264478152850647e-08 7.151806526247116e-08
-0.0 0.026000000000000002 0.005 0.049909999999999996 -4.79999999999925e-09 1.9299999999999872e-08 1.0379999999999834e-07 0.0004991641112900646 7.506968740976667e-08 7.258796818681152e-08 7.154523788284184e-08
-0.0 0.026000000000000002 -0.0 0.05001 -1.0999999999997123e-09 2.5999999999998248e-09 1.0050000000000337e-07 0.0005001639831095398 7.508067857632064e-08 7.261871585413065e-08 7.157490956913547e-08
-0.0 0.026000000000000002 -0.005 0.05001 -4.600000000000437e-09 -1.5600000000001725e-08 1.042000000000043e-07 0.0005001640230964239 7.517006843572726e-08 7.265032860263377e-08 7.160975542345117e-08
-0.0 0.026000000000000002 -0.01 0.05006 -7.200000000000261e-09 -2.3699999999998723e-08 9.799999999999808e-08 0.000500662341303997 7.512180155832407e-08 7.268383650053898e-08 7.159482403421395e-08
-0.005 0.026000000000000002 -0.01 0.050039999999999994 -8.500000000000174e-09 -2.990000000000215e-08 1.0399999999999854e-07 0.0005004639447552641 7.5080679949318e-08 7.266181368544657e-08 7.154079256859525e-08
-0.005 0.026000000000000002 -0.005 0.04998 -5.29999999999975e-09 -1.4700000000000823e-08 1.0499999999999954e-07 0.0004998640215098501 7.503272439327978e-08 7.262569926736304e-08 7.160062306077197e-08
-0.005 0.026000000000000002 0.0 0.0499 -2.5999999999998248e-09 6.40000000000085e-09 1.0129999999999861e-07 0.0004990609582004988 7.507168098496888e-08 7.260970997726061e-08 7.159690382354036e-08
-0.005 0.026000000000000002 0.005 0.049929999999999995 -6.2999999999993616e-09 1.3000000000001898e-08 1.1070000000000247e-07 0.0004993625035983379 7.507668544801187e-08 7.264268743540248e-08 7.158430160734997e-08
-0.005 0.026000000000000002 0.01 0.049969999999999994 -6.999999999993123e-10 3.839999999999954e-08 9.589999999999876e-08 0.0004997640343201979 7.50579321945054e-08 7.263868745473174e-08 7.161296410435996e-08
-0.01 0.026000000000000002 0.01 0.04998 -1.9999999999881223e-10 3.9400000000000545e-08 9.57999999999959e-08 0.0004998640215098501 7.503183652815562e-08 7.268680058449537e-08 7.167502764035319e-08
-0.01 0.026000000000000002 0.005 0.049920000000000006 -3.3999999999992368e-09 1.3000000000001898e-08 1.0809999999999986e-07 0.0004992640984489071 7.50156838097079e-08 7.266471496579966e-08 7.161974357284384e-08
-0.01 0.026000000000000002 -0.0 0.049969999999999994 -4.400000000000237e-09 4.100000000001325e-09 1.0439999999999894e-07 0.0004997624535716944 7.51087072226967e-08 7.261472958854732e-08 7.155267811865476e-08
-0.01 0.026000000000000002 -0.005 0.050030000000000005 -6.100000000000549e-09 -1.4200000000000324e-08 1.0570000000000302e-07 0.0005003623786816911 7.520083891755718e-08 7.273768033868314e-08 7.168852064176366e-08
-0.01 0.026000000000000002 -0.01 0.04999 -8.099999999999775e-09 -2.6899999999999146e-08 1.0120000000000129e-07 0.0004999640487075045 7.523672230756851e-08 7.267581271964269e-08 7.165170734243051e-08
-0.01 0.053 -0.01 0.05000999999999999 -2.8000000000000247e-08 -8.279999999999954e-08 2.460999999999991e-07 0.0005001639831095397 7.523569148880075e-08 7.275174891605499e-08 7.166914773215328e-08
-0.01 0.053 -0.005 0.04995 -1.9399999999999972e-08 -4.389999999999949e-08 2.537999999999985e-07 0.0004995624785750027 7.523768087986443e-08 7.276268689056584e-08 7.164167865571153e-08
-0.01 0.053 0.0 0.04994 -1.4000000000000124e-08 4.6999999999991496e-09 2.5630000000000374e-07 0.0004994641128249356 7.521467811865476e-08 7.279477408573497e-08 7.164273176517946e-08
-0.01 0.053 0.005 0.04999 -9.000000000000675e-09 4.760000000000042e-08 2.541999999999989e-07 0.0004999624285883891 7.517670006217452e-08 7.281277326398002e-08 7.165799855018783e-08
-0.01 0.053 0.01 0.049929999999999995 -3.3000000000005246e-09 9.189999999999753e-08 2.438999999999969e-07 0.0004993609215787714 7.516267991559959e-08 7.275773307639282e-08 7.164258047405472e-08
-0.005 0.053 0.01 0.049929999999999995 -9.099999999999387e-09 9.319999999999884e-08 2.4530000000000387e-07 0.0004993625035983379 7.519174785700966e-08 7.272568035190414e-08 7.162007902034774e-08
-0.005 0.053 0.005 0.04998 -1.0400000000000687e-08 4.4199999999999794e-08 2.595000000000014e-07 0.0004998640215098501 7.516971052490614e-08 7.272983289231626e-08 7.161792119523346e-08
-0.005 0.053 -0.0 0.05002999999999999 -9.399999999999687e-09 7.000000000007001e-10 2.537999999999985e-07 0.000500362378681691 7.510969187175897e-08 7.277070239035643e-08 7.171003190986186e-08
-0.005 0.053 -0.005 0.05001 -1.3900000000000024e-08 -3.8699999999999844e-08 2.48799999999999e-07 0.0005001639831095398 7.515267991964494e-08 7.274315444078006e-08 7.16708135257719e-08
-0.005 0.053 -0.01 0.04999 -1.8399999999998974e-08 -8.990000000000109e-08 2.434999999999965e-07 0.0004999624285883891 7.517367912694504e-08 7.279472514307623e-08 7.166504178099736e-08
0.0 0.053 -0.01 0.04999 -1.0199999999999099e-08 -8.900000000000019e-08 2.3839999999999973e-07 0.0004999640487075045 7.516667991398654e-08 7.281368025845396e-08 7.171022301509513e-08
0.0 0.053 -0.005 0.05005 -1.0099999999998999e-08 -4.369999999999929e-08 2.490000000000048e-07 0.0005005639319807211 7.516569169888097e-08 7.281071240408917e-08 7.16776910451454e-08
0.0 0.053 0.0 0.04999 -7.800000000000862e-09 -4.399999999998849e-09 2.520000000000022e-07 0.0004999640087046266 7.508167914816733e-08 7.280790724299954e-08 7.175077234515542e-08
0.0 0.053 0.005 0.04999 -1.5099999999999837e-08 4.320000000000157e-08 2.578999999999998e-07 0.0004999640087046266 7.508768371609235e-08 7.275875721868972e-08 7.173814587970617e-08
0.0 0.053 0.01 0.050019999999999995 -1.4599999999999335e-08 9.389999999999954e-08 2.397000000000038e-07 0.0005002639703196702 7.510168369824583e-08 7.278068681428867e-08 7.175185149518722e-08
0.005 0.053 0.01 0.049969999999999994 -1.7599999999999562e-08 8.380000000000054e-08 2.4640000000000215e-07 0.0004997640743390825 7.512478006582362e-08 7.275081929024069e-08 7.172370230395341e-08
0.005 0.053 0.005 0.050019999999999995 -1.7500000000000848e-08 4.4299999999999894e-08 2.5519999999999985e-07 0.0005002640102985622 7.520669991575494e-08 7.274570784816733e-08 7.165921804928499e-08
0.005 0.053 -0.0 0.049960000000000004 -1.5300000000000034e-08 -4.100000000001325e-09 2.591999999999983e-07 0.000499664047135673 7.518568091194998e-08 7.276570755883316e-08 7.166376678189653e-08
0.005 0.053 -0.005 0.04999 -2.0900000000000085e-08 -4.9699999999999744e-08 2.649999999999986e-07 0.000499965628818622 7.521876507433785e-08 7.27757480932561e-08 7.167605576496733e-08
0.005 0.053 -0.01 0.05004 -8.799999999999086e-09 -8.620000000000016e-08 2.3839999999999973e-07 0.0005004655632508594 7.52267914918995e-08 7.272877722424893e-08 7.163955378310076e-08
0.01 0.053 -0.01 0.04997 -2.5000000000011126e-09 -9.950000000000237e-08 2.4270000000000124e-07 0.000499764034320198 7.521367822969184e-08 7.27727401933751e-08 7.166988299770824e-08
0.01 0.053 -0.005 0.05005 -1.8799999999999374e-08 -5.0899999999998166e-08 2.619000000000038e-07 0.000500560775530804 7.505968099287777e-08 7.26388036332414e-08 7.154329327585526e-08
0.01 0.053 0.0 0.05001 -9.800000000000086e-09 -3.399999999997849e-09 2.481000000000011e-07 0.0005001639831095398 7.503967823415487e-08 7.26429110238709e-08 7.149770924891581e-08
0.01 0.053 0.005 0.049969999999999994 -1.830000000000026e-08 3.4900000000001596e-08 2.561999999999953e-07 0.0004997624535716944 7.498782132411327e-08 7.268680058449537e-08 7.154175091931665e-08
0.01 0.053 0.01 0.04999 -1.0900000000001186e-08 8.459999999999856e-08 2.2789999999999756e-07 0.0004999624285883891 7.504870762523951e-08 7.27106871186345e-08 7.148925630997532e-08
0.01 0.079 0.01 0.05001 -5.740000000000051e-08 2.165e-07 6.280000000000008e-07 0.0005001624036250626 7.504767823394183e-08 7.263175333842102e-08 7.15231570414583e-08
0.01 0.079 0.005 0.04997 -4.819999999999963e-08 1.0380000000000111e-07 6.448000000000009e-07 0.0004997656550824596 7.512133294532166e-08 7.264787196543416e-08 7.155767870897332e-08
0.01 0.079 -0.0 0.04998 -3.520000000000051e-08 -2.120000000000177e-08 6.555000000000033e-07 0.0004998640215098501 7.519767912155191e-08 7.275675729600836e-08 7.162601958499396e-08
0.01 0.079 -0.005 0.04992 -2.1799999999999596e-08 -1.4330000000000177e-07 6.380000000000053e-07 0.0004992609337811241 7.51776782305867e-08 7.273969019353258e-08 7.161278675956228e-08
0.01 0.079 -0.01 0.04994 -1.1200000000000099e-08 -2.5640000000000105e-07 6.046999999999969e-07 0.000499464072782017 7.5192694182883e-08 7.274468205178763e-08 7.158476049463542e-08
0.005 0.079 -0.01 0.04995999999999999 -2.299999999999941e-08 -2.571999999999991e-07 6.170000000000009e-07 0.0004996640471356729 7.511867993353641e-08 7.274079732697726e-08 7.168411019127205e-08
0.005 0.079 -0.005 0.04997 -2.860000000000085e-08 -1.3900000000000023e-07 6.488999999999967e-07 0.0004997624535716944 7.508667994680794e-08 7.273369813832831e-08 7.16957527351179e-08
0.005 0.079 0.0 0.04998 -3.4199999999999506e-08 -8.900000000000574e-09 6.572000000000023e-07 0.0004998640215098501 7.509067994513839e-08 7.272198267043204e-08 7.171271005427358e-08
0.005 0.079 0.005 0.05002999999999999 -4.240000000000077e-08 1.0699999999999876e-07 6.577999999999973e-07 0.000500362378681691 7.508177431983817e-08 7.26713157700325e-08 7.16481171833411e-08
0.005 0.079 0.01 0.05000999999999999 -5.0900000000000945e-08 2.360000000000001e-07 6.355e-07 0.0005001639831095397 7.514867811865476e-08 7.275889783343147e-08 7.169357587529072e-08
-0.0 0.079 0.01 0.05004 -3.589999999999982e-08 2.488999999999991e-07 6.305000000000005e-07 0.0005004655632508594 7.502470083533116e-08 7.26146875724128e-08 7.157170657346912e-08
-0.0 0.079 0.005 0.050019999999999995 -3.530000000000061e-08 1.1249999999999871e-07 6.622000000000017e-07 0.0005002639703196702 7.497876996396456e-08 7.259702167166942e-08 7.15711303253461e-08
-0.0 0.079 -0.0 0.049999999999999996 -3.4099999999999405e-08 -3.099999999997549e-09 6.614999999999982e-07 0.0005000639959045241 7.495668000278058e-08 7.248575952523869e-08 7.145609746372168e-08
-0.0 0.079 -0.005 0.049999999999999996 -3.589999999999982e-08 -1.337999999999978e-07 6.554000000000004e-07 0.00050006241610423 7.499468558830278e-08 7.248577980588284e-08 7.149884053846428e-08
-0.0 0.079 -0.01 0.049969999999999994 -3.4700000000000006e-08 -2.5449999999999916e-07 6.226000000000009e-07 0.0004997624535716944 7.486975325623042e-08 7.255577594803942e-08 7.154271657930427e-08
-0.005 0.079 -0.01 0.05001 -4.4800000000000395e-08 -2.4150000000000004e-07 6.145000000000012e-07 0.0005001639831095398 7.498670805306822e-08 7.247178061425233e-08 7.152190065285854e-08
-0.005 0.079 -0.005 0.04998 -4.230000000000067e-08 -1.2830000000000064e-07 6.537000000000015e-07 0.0004998640215098501 7.504429300694375e-08 7.257867437132766e-08 7.152768240260925e-08
-0.005 0.079 0.0 0.04992999999999999 -3.3299999999999994e-08 -3.799999999998249e-09 6.641000000000008e-07 0.0004993641256638285 7.496168105913833e-08 7.249774107221851e-08 7.150284603014827e-08
-0.005 0.079 0.005 0.04999 -2.7800000000000047e-08 1.2830000000000064e-07 6.553000000000031e-07 0.0004999624285883891 7.504013651434353e-08 7.256267595882629e-08 7.150910156520427e-08
-0.005 0.079 0.01 0.05002999999999999 -2.1700000000000886e-08 2.4319999999999895e-07 6.381999999999999e-07 0.0005003639975058157 7.508168738425921e-08 7.263167837893584e-08 7.16197710731979e-08
-0.01 0.079 0.01 0.04998 -2.900000000000125e-09 2.530000000000004e-07 6.201000000000012e-07 0.0004998640215098501 7.502819800859157e-08 7.259013548715238e-08 7.154268052249743e-08
-0.01 0.079 0.005 0.049969999999999994 -2.0499999999999684e-08 1.3610000000000011e-07 6.440000000000001e-07 0.0004997624535716944 7.503195593892968e-08 7.265109044597079e-08 7.155848587988369e-08
-0.01 0.079 -0.0 0.049999999999999996 -3.250000000000058e-08 -1.7000000000017002e-09 6.592000000000042e-07 0.0005000639959045241 7.502115326647779e-08 7.261259346903185e-08 7.152460809107253e-08
-0.01 0.079 -0.005 0.04998 -4.410000000000108e-08 -1.1889999999999956e-07 6.426000000000042e-07 0.0004998640215098501 7.496061011811074e-08 7.261962128176884e-08 7.157327188167418e-08
-0.01 0.079 -0.01 0.050019999999999995 -5.720000000000031e-08 -2.404000000000017e-07 6.145000000000012e-07 0.0005002639703196702 7.487786062005783e-08 7.253486341626023e-08 7.158974694417413e-08
-0.01 0.105 -0.01 0.049999999999999996 -1.1960000000000025e-07 -6.001000000000006e-07 1.6442999999999986e-06 0.00050006241610423 7.492279967435563e-08 7.250167839782838e-08 7.151143401154597e-08
-0.01 0.105 -0.005 0.04998 -1.0450000000000043e-07 -2.9780000000000083e-07 1.6913999999999985e-06 0.0004998640215098501 7.498072495680537e-08 7.247071902727024e-08 7.145250424383504e-08
-0.01 0.105 0.0 0.04999 -8.659999999999917e-08 -1.1000000000002674e-08 1.7228999999999994e-06 0.0004999640087046266 7.493668569082025e-08 7.24788149911847e-08 7.148077032092666e-08
-0.01 0.105 0.005 0.049999999999999996 -5.6499999999999606e-08 2.914e-07 1.7021000000000008e-06 0.0005000639959045241 7.494869510776653e-08 7.25276783938336e-08 7.147911809679229e-08
-0.01 0.105 0.01 0.049960000000000004 -4.839999999999983e-08 5.885000000000002e-07 1.6797000000000006e-06 0.0004996624660708466 7.496768387387755e-08 7.250568062561679e-08 7.146494332400364e-08
-0.005 0.105 0.01 0.04992 -7.110000000000033e-08 5.698000000000009e-07 1.6940999999999983e-06 0.0004992625161175231 7.507970386817833e-08 7.26407154239937e-08 7.155728310328454e-08
-0.005 0.105 0.005 0.04999 -8.480000000000015e-08 2.773999999999999e-07 1.7249999999999987e-06 0.0004999640087046266 7.50201989736919e-08 7.254474791012944e-08 7.15355174969582e-08
-0.005 0.105 -0.0 0.049960000000000004 -9.149999999999991e-08 -2.4400000000002197e-08 1.7339999999999967e-06 0.000499664047135673 7.490768776839348e-08 7.261568048085802e-08 7.156081810712725e-08
-0.005 0.105 -0.005 0.04988999999999999 -9.529999999999955e-08 -3.137000000000001e-07 1.702999999999999e-06 0.0004989641369878199 7.506267857821355e-08 7.274267910290649e-08 7.162372247683238e-08
-0.005 0.105 -0.01 0.04995 -1.0519999999999974e-07 -6.091999999999987e-07 1.6564999999999997e-06 0.0004995640599562783 7.499524997591192e-08 7.263640759082888e-08 7.15629374688528e-08
0.0 0.105 -0.01 0.049999999999999996 -8.589999999999986e-08 -6.235999999999992e-07 1.6593999999999997e-06 0.00050006241610423 7.494368107164215e-08 7.256367838848744e-08 7.154961673381083e-08
0.0 0.105 -0.005 0.049960000000000004 -8.780000000000038e-08 -3.280000000000005e-07 1.707599999999998e-06 0.0004996624660708466 7.492169248576394e-08 7.254367839143161e-08 7.151268061241647e-08
0.0 0.105 0.0 0.049920000000000006 -8.869999999999989e-08 -3.19999999999987e-08 1.7272999999999983e-06 0.0004992641385078645 7.50983191705185e-08 7.256335294171465e-08 7.159932878117631e-08
0.0 0.105 0.005 0.050039999999999994 -9.269999999999972e-08 2.574999999999994e-07 1.7293999999999976e-06 0.0005004639447552641 7.503468228146497e-08 7.237372892966446e-08 7.15268766239217e-08
0.0 0.105 0.01 0.049969999999999994 -9.630000000000055e-08 5.583000000000004e-07 1.6981999999999997e-06 0.0004997624535716944 7.503069478528927e-08 7.244073476512619e-08 7.151516553309951e-08
0.005 0.105 0.01 0.05000999999999999 -1.111999999999988e-07 5.431999999999992e-07 1.6852999999999951e-06 0.0005001624036250625 7.497367823594306e-08 7.246371263057972e-08 7.147171031245473e-08
0.005 0.105 0.005 0.04999 -1.0310000000000041e-07 2.454000000000012e-07 1.719499999999996e-06 0.0004999640087046266 7.488108145646274e-08 7.245970127459067e-08 7.160290230572884e-08
0.005 0.105 -0.0 0.050039999999999994 -9.08000000000006e-08 -4.290000000000127e-08 1.7174000000000022e-06 0.000500462366217481 7.491470856573765e-08 7.242974356243519e-08 7.153178103546848e-08
0.005 0.105 -0.005 0.04994 -7.86999999999996e-08 -3.401999999999988e-07 1.6952999999999997e-06 0.000499464072782017 7.499370438520975e-08 7.24449727879656e-08 7.151555947637153e-08
0.005 0.105 -0.01 0.04998 -6.260000000000015e-08 -6.344000000000016e-07 1.6484999999999972e-06 0.0004998624410775429 7.506571956507063e-08 7.258012777029023e-08 7.155667811865476e-08
0.01 0.105 -0.01 0.049999999999999996 -4.360000000000058e-08 -6.422999999999984e-07 1.6237999999999975e-06 0.0005000639959045241 7.498568759232847e-08 7.241168546725734e-08 7.147072022275163e-08
0.01 0.105 -0.005 0.050039999999999994 -6.940000000000001e-08 -3.566000000000014e-07 1.6835000000000045e-06 0.0005004639447552641 7.49996838309382e-08 7.248761762240833e-08 7.147968397038803e-08
0.01 0.105 0.0 0.04995999999999999 -9.00999999999999e-08 -6.069999999999964e-08 1.7035000000000022e-06 0.0004996640471356729 7.50946799434719e-08 7.255979736845992e-08 7.155507849762198e-08
0.01 0.105 0.005 0.05001 -1.0789999999999966e-07 2.2980000000000223e-07 1.6996999999999985e-06 0.0005001624036250626 7.498437183720783e-08 7.252645178296427e-08 7.153737878999838e-08
0.01 0.105 0.01 0.049960000000000004 -1.3440000000000118e-07 5.265999999999993e-07 1.6721999999999958e-06 0.0004996624660708466 7.494569240434495e-08 7.244668272694358e-08 7.144300864512487e-08
0.01 0.132 0.01 0.04998 -1.8729999999999996e-07 6.51500000000002e-07 3.6771e-06 0.0004998624410775429 7.50058738068627e-08 7.24689551161725e-08 7.149969269393205e-08
0.01 0.132 0.005 0.04999 -1.9459999999999895e-07 2.7220000000000023e-07 3.6526999999999977e-06 0.0004999640087046266 7.507698777327157e-08 7.245392795731817e-08 7.152175271448427e-08
0.01 0.132 -0.0 0.049999999999999996 -1.9310000000000021e-07 -8.259999999999934e-08 3.6271e-06 0.0005000656156945806 7.500486442108738e-08 7.237877523812952e-08 7.145975888866557e-08
0.01 0.132 -0.005 0.04993999999999999 -1.9440000000000013e-07 -4.513000000000017e-07 3.6287000000000014e-06 0.0004994624910841653 7.514571070027126e-08 7.228402423442204e-08 7.142522692734455e-08
0.01 0.132 -0.01 0.05001 -1.9860000000000018e-07 -8.304000000000006e-07 3.656200000000004e-06 0.0005001640230964239 7.513870702551614e-08 7.225382101547281e-08 7.142330986086106e-08
0.005 0.132 -0.01 0.049999999999999996 -1.903000000000002e-07 -7.958999999999993e-07 3.6578e-06 0.0005000640358994036 7.512067811865476e-08 7.230415544827071e-08 7.139988781098359e-08
0.005 0.132 -0.005 0.04998 -1.9759999999999918e-07 -4.2869999999999854e-07 3.644700000000001e-06 0.0004998640215098501 7.508468223387916e-08 7.230776859824569e-08 7.143786447716267e-08
0.005 0.132 0.0 0.04998 -1.889000000000002e-07 -6.770000000000109e-08 3.63e-06 0.0004998624410775429 7.510168096538579e-08 7.229626129212754e-08 7.146033937549013e-08
0.005 0.132 0.005 0.049999999999999996 -1.91100000000001e-07 2.9660000000000243e-07 3.6424000000000013e-06 0.0005000640358994036 7.507469461724869e-08 7.252971137838367e-08 7.154321880835106e-08
0.005 0.132 0.01 0.049999999999999996 -1.909000000000008e-07 6.497000000000003e-07 3.6856e-06 0.0005000656156945806 7.49764097088981e-08 7.244437070962929e-08 7.162134600542797e-08
-0.0 0.132 0.01 0.05000999999999999 -1.9170000000000021e-07 6.700999999999985e-07 3.6796999999999967e-06 0.0005001639831095397 7.492474646171707e-08 7.242568074255946e-08 7.163016166935048e-08
-0.0 0.132 0.005 0.04998 -1.887e-07 3.0860000000000053e-07 3.6472000000000004e-06 0.0004998640215098501 7.499872476019214e-08 7.24386248770938e-08 7.163730209848692e-08
-0.0 0.132 -0.0 0.04994 -1.770999999999995e-07 -5.6500000000000996e-08 3.6302e-06 0.0004994624910841654 7.502306817522432e-08 7.236776471868507e-08 7.152503553404434e-08
-0.0 0.132 -0.005 0.049929999999999995 -1.8259999999999942e-07 -4.0599999999999805e-07 3.6348000000000046e-06 0.0004993657076732442 7.495368766377718e-08 7.228468320123867e-08 7.15148373068756e-08
-0.0 0.132 -0.01 0.049999999999999996 -1.7650000000000026e-07 -7.81900000000002e-07 3.6598999999999995e-06 0.0005000640358994036 7.502216811632377e-08 7.238006363434609e-08 7.15024520762967e-08
-0.005 0.132 -0.01 0.05002999999999999 -1.7210000000000004e-07 -7.721000000000005e-07 3.6763999999999963e-06 0.0005003639975058157 7.493468238001625e-08 7.234680036347634e-08 7.155534254906485e-08
-0.005 0.132 -0.005 0.04998 -1.7769999999999869e-07 -3.922000000000009e-07 3.646699999999997e-06 0.0004998656419479138 7.492478490420255e-08 7.240599932715773e-08 7.151471791866468e-08
-0.005 0.132 0.0 0.04994 -1.797999999999994e-07 -3.6399999999997547e-08 3.6387999999999977e-06 0.0004994656945176515 7.491672566950342e-08 7.23506976307338e-08 7.150370901338711e-08
-0.005 0.132 0.005 0.04995999999999999 -1.9539999999999975e-07 3.205000000000013e-07 3.6635000000000027e-06 0.0004996624660708465 7.497110063291318e-08 7.234327114816334e-08 7.148505012228092e-08
-0.005 0.132 0.01 0.049960000000000004 -2.013000000000001e-07 6.912000000000002e-07 3.6876999999999994e-06 0.000499664047135673 7.49703036890541e-08 7.234001540724788e-08 7.145387257503882e-08
-0.01 0.132 0.01 0.049890000000000004 -2.0890000000000074e-07 7.037000000000015e-07 3.7132e-06 0.00049896413698782 7.487371282905533e-08 7.238174544225366e-08 7.145973218879924e-08
-0.01 0.132 0.005 0.04999 -2.0490000000000091e-07 3.4240000000000105e-07 3.681599999999996e-06 0.0004999640487075045 7.489471683740485e-08 7.241366608103147e-08 7.143095584286952e-08
-0.01 0.132 -0.0 0.04999 -1.8029999999999991e-07 -1.6900000000000247e-08 3.6517999999999995e-06 0.0004999624285883891 7.497102035842846e-08 7.245216082026279e-08 7.146868075717259e-08
-0.01 0.132 -0.005 0.04999 -1.7380000000000035e-07 -3.8890000000000037e-07 3.665299999999999e-06 0.0004999624285883891 7.486167920273074e-08 7.238270802269355e-08 7.143839784492305e-08
-0.01 0.132 -0.01 0.049960000000000004 -1.5519999999999978e-07 -7.627000000000022e-07 3.6820000000000018e-06 0.0004996656682222624 7.491991866773246e-08 7.240285127764293e-08 7.145092807643928e-08
-0.01 0.158 -0.01 0.04994 -2.2120000000000055e-07 -3.343999999999986e-07 5.1207e-06 0.000499464072782017 7.48978989153169e-08 7.242419146847144e-08 7.14849907170283e-08
-0.01 0.158 -0.005 0.049960000000000004 -2.355999999999997e-07 -1.6970000000000041e-07 5.061500000000002e-06 0.0004996640871625657 7.490080031257703e-08 7.246380389851198e-08 7.154433152385383e-08
-0.01 0.158 0.0 0.050039999999999994 -2.515000000000003e-07 -1.0399999999999299e-08 5.042599999999997e-06 0.000500462366217481 7.477184666970013e-08 7.247788438844898e-08 7.157380846802269e-08
-0.01 0.158 0.005 0.04998 -2.684000000000006e-07 1.476000000000005e-07 5.0603000000000005e-06 0.0004998640215098501 7.474382998785086e-08 7.238792884529046e-08 7.155744372967117e-08
-0.01 0.158 0.01 0.05000999999999999 -2.8500000000000055e-07 2.998000000000001e-07 5.115700000000001e-06 0.0005001639831095397 7.480670936853554e-08 7.237567841895502e-08 7.153126449436423e-08
-0.005 0.158 0.01 0.04992 -2.72e-07 3.0090000000000117e-07 5.093599999999998e-06 0.0004992640984489071 7.488173745652085e-08 7.240250848840227e-08 7.153833626064334e-08
-0.005 0.158 0.005 0.04998 -2.629999999999993e-07 1.4249999999999819e-07 5.0483e-06 0.0004998624410775429 7.490278546460858e-08 7.235285350514672e-08 7.149068068275311e-08
-0.005 0.158 -0.0 0.04995 -2.5310000000000054e-07 -1.3100000000001998e-08 5.0286e-06 0.0004995624785750027 7.482530811417075e-08 7.234174709328458e-08 7.159815206193423e-08
-0.005 0.158 -0.005 0.049969999999999994 -2.453999999999998e-07 -1.8150000000000112e-07 5.051099999999997e-06 0.0004997624535716944 7.498372972143234e-08 7.245991852523128e-08 7.163057920029343e-08
-0.005 0.158 -0.01 0.04999 -2.467999999999998e-07 -3.400999999999987e-07 5.113400000000001e-06 0.0004999624285883891 7.494475794785023e-08 7.23508842032673e-08 7.151080060927728e-08
0.0 0.158 -0.01 0.04995 -2.519000000000007e-07 -3.453999999999985e-07 5.0910999999999986e-06 0.0004995656813673253 7.492070139650015e-08 7.226883343825547e-08 7.151323403570976e-08
0.0 0.158 -0.005 0.049999999999999996 -2.56300000000001e-07 -1.90499999999999e-07 5.044700000000002e-06 0.0005000639959045241 7.504368746551751e-08 7.246668836919432e-08 7.1614471236575e-08
0.0 0.158 0.0 0.04999 -2.5710000000000036e-07 -2.5400000000000423e-08 5.025999999999997e-06 0.0004999640087046266 7.497223675370837e-08 7.238226718298845e-08 7.162755106514189e-08
0.0 0.158 0.005 0.04992 -2.5529999999999996e-07 1.374000000000014e-07 5.037700000000001e-06 0.0004992609337811241 7.490469004043085e-08 7.237578652353415e-08 7.156970547561145e-08
0.0 0.158 0.01 0.04993999999999999 -2.6100000000000013e-07 2.9540000000000123e-07 5.088700000000002e-06 0.000499464072782017 7.494768767729397e-08 7.236728730612174e-08 7.162672396903563e-08
0.005 0.158 0.01 0.049890000000000004 -2.493999999999996e-07 2.939999999999998e-07 5.079900000000004e-06 0.000498965760348343 7.497350581866798e-08 7.236121257754981e-08 7.156361656895467e-08
0.005 0.158 0.005 0.049929999999999995 -2.526e-07 1.3050000000000006e-07 5.038399999999998e-06 0.0004993625035983379 7.490874672219139e-08 7.233869777455575e-08 7.150572906041887e-08
0.005 0.158 -0.0 0.04998 -2.6229999999999864e-07 -3.4300000000000995e-08 5.0267000000000005e-06 0.0004998640215098501 7.491577811746573e-08 7.234370291944622e-08 7.150880091622415e-08
0.005 0.158 -0.005 0.05002999999999999 -2.6650000000000006e-07 -1.920000000000005e-07 5.0406000000000005e-06 0.0005003639575349127 7.495785718245698e-08 7.239876934841694e-08 7.1570962955206e-08
0.005 0.158 -0.01 0.05001 -2.7480000000000005e-07 -3.6400000000000045e-07 5.101e-06 0.0005001639831095398 7.495899637415305e-08 7.237120935895107e-08 7.157542894981944e-08
0.01 0.158 -0.01 0.04998 -2.956e-07 -3.727000000000008e-07 5.112300000000003e-06 0.0004998640215098501 7.468271034410309e-08 7.229070976390747e-08 7.178601713496542e-08
0.01 0.158 -0.005 0.05001 -2.808000000000005e-07 -1.986999999999989e-07 5.050100000000002e-06 0.0005001639831095398 7.461374588644973e-08 7.23776856171382e-08 7.177077056745344e-08
0.01 0.158 0.0 0.049929999999999995 -2.665999999999988e-07 -4.28999999999985e-08 5.035499999999999e-06 0.0004993640856128922 7.474515454069517e-08 7.235969297607721e-08 7.174573657111046e-08
0.01 0.158 0.005 0.049929999999999995 -2.557999999999991e-07 1.252000000000003e-07 5.049700000000002e-06 0.0004993625035983379 7.46606963464608e-08 7.226319349700049e-08 7.166588490255027e-08
0.01 0.158 0.01 0.050019999999999995 -2.4219999999999935e-07 2.7899999999999867e-07 5.099500000000001e-06 0.0005002623911508839 7.460978596532943e-08 7.24227949370991e-08 7.175516268053205e-08
0.01 0.185 0.01 0.04998 -2.810999999999994e-07 2.5900000000000923e-08 5.466300000000001e-06 0.0004998624410775429 7.470576935666171e-08 7.244944204742715e-08 7.177683007780505e-08
0.01 0.185 0.005 0.050019999999999995 -2.7810000000000056e-07 2.1000000000001574e-08 5.4336e-06 0.0005002639703196702 7.471230803657571e-08 7.236261637415949e-08 7.175492425822147e-08
0.01 0.185 -0.0 0.04994 -2.8540000000000095e-07 3.999999999998449e-09 5.437000000000003e-06 0.000499464072782017 7.46556883848011e-08 7.2303680943511e-08 7.172868008328941e-08
0.01 0.185 -0.005 0.049929999999999995 -2.8660000000000073e-07 2.1999999999994245e-09 5.437999999999999e-06 0.0004993640856128922 7.472869056263747e-08 7.233230261279636e-08 7.175668576681036e-08
0.01 0.185 -0.01 0.04995 -2.909999999999996e-07 -1.06999999999996e-08 5.465500000000001e-06 0.0004995624785750027 7.47807095681647e-08 7.243178299634234e-08 7.181629740213348e-08
0.005 0.185 -0.01 0.05001 -2.8500000000000055e-07 -1.3399999999999523e-08 5.4603999999999986e-06 0.0005001656025757869 7.47062399064388e-08 7.23227389115531e-08 7.176295659890606e-08
0.005 0.185 -0.005 0.04998 -2.735000000000001e-07 7.099999999998774e-09 5.4167999999999995e-06 0.0004998624410775429 7.465679215654064e-08 7.226375055740318e-08 7.172523615050902e-08
0.005 0.185 0.0 0.04999 -2.7400000000000063e-07 4.6999999999991496e-09 5.423899999999998e-06 0.0004999640087046266 7.471975606751032e-08 7.227680582736819e-08 7.173799793253941e-08
0.005 0.185 0.005 0.049980000000000004 -2.7480000000000005e-07 2.0400000000000973e-08 5.426900000000001e-06 0.000499862441077543 7.472241714306798e-08 7.235183929294569e-08 7.175292569001196e-08
0.005 0.185 0.01 0.04995 -2.7499999999999885e-07 3.240000000000187e-08 5.447199999999997e-06 0.0004995640599562783 7.465068014911109e-08 7.228644015652723e-08 7.171422084320614e-08
-0.0 0.185 0.01 0.04999 -2.793000000000004e-07 2.469999999999972e-08 5.4561999999999995e-06 0.000499965628818622 7.462471950831839e-08 7.237367841931619e-08 7.167570350692182e-08
-0.0 0.185 0.005 0.04993999999999999 -2.7510000000000034e-07 2.449999999999952e-08 5.425099999999999e-06 0.0004994624910841653 7.475570593067287e-08 7.240978435429748e-08 7.181796037715979e-08
-0.0 0.185 -0.0 0.04999 -2.7910000000000016e-07 8.800000000000474e-09 5.425400000000002e-06 0.0004999640087046266 7.465368839000836e-08 7.234978092202006e-08 7.174094119185499e-08
-0.0 0.185 -0.005 0.04998 -2.814000000000011e-07 -6.899999999998574e-09 5.440800000000001e-06 0.0004998640215098501 7.455284677710795e-08 7.234277738034199e-08 7.181968939001317e-08
-0.0 0.185 -0.01 0.05001 -2.819000000000002e-07 -1.2300000000001199e-08 5.4624e-06 0.0005001639831095398 7.467472857242045e-08 7.230884269090631e-08 7.178940421920113e-08
-0.005 0.185 -0.01 0.05001 -2.739000000000005e-07 -1.0199999999999099e-08 5.458999999999997e-06 0.0005001640230964239 7.474125177509623e-08 7.232075948305843e-08 7.17155562207149e-08
-0.005 0.185 -0.005 0.050030000000000005 -2.766999999999992e-07 -2.6999999999999245e-09 5.4387999999999995e-06 0.0005003623786816911 7.467970646322475e-08 7.228496398850178e-08 7.164309862464977e-08
-0.005 0.185 0.0 0.04999 -2.7579999999999965e-07 6.999999999998674e-09 5.429999999999996e-06 0.0004999624285883891 7.468473901401104e-08 7.233778905525373e-08 7.165179766472741e-08
-0.005 0.185 0.005 0.04995999999999999 -2.8740000000000015e-07 1.830000000000165e-08 5.443599999999998e-06 0.0004996656682222623 7.472336051326313e-08 7.244070702014745e-08 7.176510497718976e-08
-0.005 0.185 0.01 0.04998 -2.7670000000000057e-07 2.929999999999877e-08 5.446799999999996e-06 0.0004998640215098501 7.464267811865476e-08 7.237694820480526e-08 7.169671057248171e-08
-0.01 0.185 0.01 0.04994 -2.793000000000004e-07 3.24999999999992e-08 5.446600000000001e-06 0.0004994593677167343 7.461987266484966e-08 7.23287226174248e-08 7.164026404798028e-08
-0.01 0.185 0.005 0.04997 -2.7660000000000045e-07 1.760000000000095e-08 5.4306999999999995e-06 0.0004997624535716944 7.467205994826926e-08 7.24309833241343e-08 7.171877434422055e-08
-0.01 0.185 -0.0 0.04999 -2.721000000000001e-07 7.699999999999374e-09 5.4265000000000005e-06 0.0004999608484671575 7.468204010165254e-08 7.235504364979435e-08 7.17706856657977e-08
-0.01 0.185 -0.005 0.04992999999999999 -2.735000000000001e-07 3.6000000000008247e-09 5.435500000000004e-06 0.0004993640856128922 7.462968437024457e-08 7.226474118043829e-08 7.168541910989294e-08
-0.01 0.185 -0.01 0.05002 -2.7509999999999896e-07 -8.099999999999775e-09 5.4674e-06 0.0005002623911508839 7.46336792657359e-08 7.226683363787513e-08 7.170210234672264e-08
-0.01 0.21100000000000002 -0.01 0.05005 -2.799999999999997e-07 1.0329999999999783e-07 5.331000000000002e-06 0.0005005655501530244 7.470171432495507e-08 7.23235172302837e-08 7.17357605543642e-08
-0.01 0.21100000000000002 -0.005 0.049999999999999996 -2.782000000000007e-07 5.5700000000000194e-08 5.325600000000003e-06 0.0005000639959045241 7.470104351545741e-08 7.23433862983366e-08 7.171512622582605e-08
-0.01 0.21100000000000002 0.0 0.05002 -2.730999999999997e-07 1.559999999999895e-08 5.321700000000001e-06 0.0005002623911508839 7.460075215393995e-08 7.230168597532926e-08 7.167081144273012e-08
-0.01 0.21100000000000002 0.005 0.049999999999999996 -2.751999999999991e-07 -2.0799999999998598e-08 5.323099999999997e-06 0.0005000639959045241 7.470301678164416e-08 7.23136565963643e-08 7.172160343736035e-08
-0.01 0.21100000000000002 0.01 0.049949999999999994 -2.713000000000007e-07 -6.150000000000044e-08 5.328700000000003e-06 0.0004995640599562782 7.463090311219786e-08 7.236566150225715e-08 7.175546039262384e-08
-0.005 0.21100000000000002 0.01 0.05002 -2.751999999999991e-07 -5.779999999999952e-08 5.332799999999998e-06 0.0005002639703196703 7.455270362611823e-08 7.236378731045063e-08 7.179349112190139e-08
-0.005 0.21100000000000002 0.005 0.05002 -2.7690000000000074e-07 -1.9500000000000072e-08 5.329699999999998e-06 0.0005002639703196703 7.459695036851065e-08 7.243211995618515e-08 7.183817534703273e-08
-0.005 0.21100000000000002 -0.0 0.04998 -2.7520000000000045e-07 1.780000000000115e-08 5.3234000000000006e-06 0.0004998656419479138 7.45944414997067e-08 7.24276853987791e-08 7.182303867171298e-08
-0.005 0.21100000000000002 -0.005 0.04992999999999999 -2.7650000000000034e-07 6.470000000000086e-08 5.3222999999999965e-06 0.0004993640856128922 7.463761993131254e-08 7.236246563525609e-08 7.173629013106491e-08
-0.005 0.21100000000000002 -0.01 0.05002 -2.7910000000000016e-07 9.429999999999994e-08 5.340999999999996e-06 0.0005002623911508839 7.462268271987905e-08 7.227973197368969e-08 7.170175228338714e-08
0.0 0.21100000000000002 -0.01 0.05001 -2.7420000000000085e-07 1.0030000000000039e-07 5.333700000000002e-06 0.0005001639831095398 7.467995639058279e-08 7.236815692696574e-08 7.173831618723727e-08
0.0 0.21100000000000002 -0.005 0.049969999999999994 -2.7429999999999954e-07 6.50999999999985e-08 5.323800000000001e-06 0.0004997624535716944 7.466842722641791e-08 7.23405400759996e-08 7.171341537237579e-08
0.0 0.21100000000000002 0.0 0.04998 -2.7510000000000034e-07 1.6900000000000247e-08 5.3272999999999956e-06 0.0004998624410775429 7.459987366529419e-08 7.228367843651868e-08 7.170150504602402e-08
0.0 0.21100000000000002 0.005 0.049980000000000004 -2.735000000000001e-07 -1.609999999999945e-08 5.324499999999999e-06 0.0004998640215098503 7.460874020127992e-08 7.22827404583856e-08 7.166800460423844e-08
0.0 0.21100000000000002 0.01 0.04995 -2.708999999999989e-07 -5.6599999999998316e-08 5.3303999999999964e-06 0.0004995656813673253 7.467292243217203e-08 7.236887533249876e-08 7.175544412116442e-08
0.005 0.21100000000000002 0.01 0.05001 -2.6499999999999995e-07 -5.960000000000132e-08 5.323e-06 0.0005001624036250626 7.466086089923594e-08 7.239397250764321e-08 7.17284482302222e-08
0.005 0.21100000000000002 0.005 0.04999 -2.7609999999999994e-07 -1.27000000000016e-08 5.327000000000004e-06 0.0004999624285883891 7.462276451851864e-08 7.238176459158188e-08 7.168471815889951e-08
0.005 0.21100000000000002 -0.0 0.04988999999999999 -2.710000000000004e-07 2.120000000000177e-08 5.324000000000001e-06 0.0004989625537051853 7.469694353881935e-08 7.248790798561063e-08 7.170603735028925e-08
0.005 0.21100000000000002 -0.005 0.049949999999999994 -2.7449999999999976e-07 6.079999999999974e-08 5.3304000000000015e-06 0.0004995624785750027 7.472637855568937e-08 7.242725377967294e-08 7.174778949165189e-08
0.005 0.21100000000000002 -0.01 0.049999999999999996 -2.7620000000000005e-07 1.0640000000000094e-07 5.3342e-06 0.0005000639959045241 7.461568848995981e-08 7.233473846236124e-08 7.174420508975905e-08
0.01 0.21100000000000002 -0.01 0.049999999999999996 -2.701000000000009e-07 1.0179999999999911e-07 5.337700000000001e-06 0.0005000639959045241 7.471067861865473e-08 7.236400748692958e-08 7.168467811865476e-08
0.01 0.21100000000000002 -0.005 0.04995 -2.813999999999997e-07 6.179999999999797e-08 5.343400000000004e-06 0.0004995640599562783 7.470995430316615e-08 7.240196224617444e-08 7.168574016796239e-08
0.01 0.21100000000000002 0.0 0.04998 -2.7249999999999914e-07 2.959999999999907e-08 5.3215000000000015e-06 0.0004998609006513713 7.464973409693179e-08 7.2361714762706e-08 7.166767864112065e-08
0.01 0.21100000000000002 0.005 0.04988999999999999 -2.7299999999999965e-07 -2.0899999999998698e-08 5.3319000000000006e-06 0.0004989625537051853 7.46316935483617e-08 7.235181248244097e-08 7.1692249308126e-08
0.01 0.21100000000000002 0.01 0.049929999999999995 -2.7499999999999885e-07 -5.0200000000000244e-08 5.3280999999999965e-06 0.0004993640856128922 7.463702247441369e-08 7.245236752839462e-08 7.177391938948654e-08
0.01 0.237 0.01 0.04995 -2.6459999999999955e-07 -8.019999999999971e-08 5.086299999999999e-06 0.0004995640599562783 7.45546968490982e-08 7.24356784085098e-08 7.175523161177994e-08
0.01 0.237 0.005 0.050039999999999994 -2.603999999999995e-07 -2.1699999999999496e-08 5.074899999999999e-06 0.0005004639447552641 7.464270304227872e-08 7.230390691578341e-08 7.169471063844259e-08
0.01 0.237 -0.0 0.04994 -2.559000000000006e-07 2.9200000000001446e-08 5.075999999999997e-06 0.0004994624910841654 7.466173392691665e-08 7.23467563563928e-08 7.164304070906689e-08
0.01 0.237 -0.005 0.04995 -2.503999999999992e-07 7.320000000000104e-08 5.0732e-06 0.0004995624785750027 7.473101442299548e-08 7.242837716097853e-08 7.172384148159284e-08
0.01 0.237 -0.01 0.049949999999999994 -2.588000000000007e-07 1.3690000000000091e-07 5.082499999999995e-06 0.0004995624785750027 7.47255992884911e-08 7.247513157511089e-08 7.169157770576854e-08
0.005 0.237 -0.01 0.04995999999999999 -2.595e-07 1.2929999999999886e-07 5.086600000000002e-06 0.0004996640471356729 7.465178481601783e-08 7.240482096977447e-08 7.169920935235454e-08
0.005 0.237 -0.005 0.05002 -2.593999999999999e-07 7.600000000000106e-08 5.0806999999999995e-06 0.0005002639703196703 7.470719059830499e-08 7.240196224617444e-08 7.174599932485117e-08
0.005 0.237 0.0 0.049969999999999994 -2.6169999999999944e-07 3.110000000000057e-08 5.080399999999996e-06 0.0004997656550824595 7.475168046955732e-08 7.244421150454613e-08 7.171546864408779e-08
0.005 0.237 0.005 0.04999 -2.6250000000000024e-07 -2.949999999999897e-08 5.079e-06 0.0004999624285883891 7.46446964205949e-08 7.237969279803897e-08 7.16857637559195e-08
0.005 0.237 0.01 0.04992 -2.726999999999993e-07 -7.900000000000129e-08 5.094500000000002e-06 0.0004992625161175231 7.466867811865476e-08 7.238168559918858e-08 7.166590898080275e-08
-0.0 0.237 0.01 0.04998 -2.595e-07 -7.530000000000036e-08 5.077199999999999e-06 0.0004998656419479138 7.466008946719772e-08 7.242794688038077e-08 7.177535647384002e-08
-0.0 0.237 0.005 0.04989999999999999 -2.6179999999999955e-07 -3.13999999999981e-08 5.0817e-06 0.0004990641241363678 7.47143077219023e-08 7.240877411122997e-08 7.172803646260246e-08
-0.0 0.237 -0.0 0.05002 -2.6359999999999995e-07 2.2700000000000498e-08 5.080500000000004e-06 0.0005002623911508839 7.464169350911052e-08 7.23326892160274e-08 7.170268618313811e-08
-0.0 0.237 -0.005 0.04995999999999999 -2.6320000000000093e-07 7.780000000000009e-08 5.077899999999996e-06 0.0004996640471356729 7.464269083480917e-08 7.235796983538255e-08 7.170068619942986e-08
-0.0 0.237 -0.01 0.04998 -2.6470000000000104e-07 1.237000000000016e-07 5.090900000000004e-06 0.0004998640215098501 7.46459831894212e-08 7.242049974677858e-08 7.17336786074132e-08
-0.005 0.237 -0.01 0.04994 -2.661999999999998e-07 1.240999999999992e-07 5.084099999999997e-06 0.000499464072782017 7.462884350566944e-08 7.236768083440389e-08 7.170680662442096e-08
-0.005 0.237 -0.005 0.04999 -2.6449999999999944e-07 7.270000000000054e-08 5.082500000000001e-06 0.0004999640087046266 7.459067863411864e-08 7.237868291481094e-08 7.179570069906496e-08
-0.005 0.237 0.0 0.04994 -2.6260000000000035e-07 1.8800000000002147e-08 5.077300000000001e-06 0.0004994656945176515 7.463195979688191e-08 7.245192939288257e-08 7.179503968197208e-08
-0.005 0.237 0.005 0.050030000000000005 -2.583000000000002e-07 -2.469999999999972e-08 5.066399999999999e-06 0.0005003607998234874 7.468517305512153e-08 7.243237553690223e-08 7.176427576481765e-08
-0.005 0.237 0.01 0.05001 -2.574999999999994e-07 -8.459999999999856e-08 5.077599999999999e-06 0.0005001639831095398 7.471388808067274e-08 7.235277677586145e-08 7.162380133049422e-08
-0.01 0.237 0.01 0.04991 -2.581e-07 -8.710000000000106e-08 5.077599999999999e-06 0.0004991625286417241 7.477277462169355e-08 7.241905044341303e-08 7.17048068829504e-08
-0.01 0.237 0.005 0.04995999999999999 -2.603000000000008e-07 -2.8000000000000247e-08 5.071199999999998e-06 0.0004996640471356729 7.47340540643004e-08 7.241843512713108e-08 7.169175711649336e-08
-0.01 0.237 -0.0 0.04998 -2.652000000000002e-07 1.5199999999998548e-08 5.076199999999997e-06 0.0004998624410775429 7.465570663566196e-08 7.237269737245419e-08 7.166995388713846e-08
-0.01 0.237 -0.005 0.05005 -2.672999999999995e-07 6.940000000000001e-08 5.0792000000000004e-06 0.0005005639319807211 7.464569349346589e-08 7.236882407121743e-08 7.166671159087213e-08
-0.01 0.237 -0.01 0.04998 -2.7589999999999976e-07 1.212999999999992e-07 5.085400000000001e-06 0.0004998656419479138 7.476676145113204e-08 7.249814839812796e-08 7.178076970352028e-08
-0.01 0.264 -0.01 0.050039999999999994 -2.6359999999999995e-07 1.221e-07 4.805700000000001e-06 0.0005004655632508594 7.468693666155661e-08 7.246079240063751e-08 7.1749978845105e-08
-0.01 0.264 -0.005 0.04999 -2.4990000000000014e-07 7.419999999999926e-08 4.786200000000002e-06 0.0004999640487075045 7.46577451310071e-08 7.231467936553706e-08 7.168605189316379e-08
-0.01 0.264 0.0 0.04989999999999999 -2.5099999999999985e-07 1.1900000000000798e-08 4.792099999999999e-06 0.0004990641241363678 7.463275154988982e-08 7.238171432412728e-08 7.168508049960423e-08
-0.01 0.264 0.005 0.04999 -2.468000000000012e-07 -3.829999999999944e-08 4.789699999999997e-06 0.0004999640087046266 7.466880747480268e-08 7.236969288652152e-08 7.173754227714895e-08
-0.01 0.264 0.01 0.05002 -2.409999999999995e-07 -9.399999999999964e-08 4.788399999999998e-06 0.0005002623911508839 7.464682496550892e-08 7.237568082135527e-08 7.168839996048914e-08
-0.005 0.264 0.01 0.050030000000000005 -2.457000000000001e-07 -9.490000000000054e-08 4.797799999999997e-06 0.0005003623786816911 7.463968842660763e-08 7.240069705345993e-08 7.170696723331977e-08
-0.005 0.264 0.005 0.04999 -2.464999999999995e-07 -3.3299999999999994e-08 4.7933e-06 0.0004999640087046266 7.470692035355494e-08 7.245513677394012e-08 7.173219268046971e-08
-0.005 0.264 -0.0 0.05002999999999999 -2.4469999999999906e-07 1.810000000000145e-08 4.786100000000004e-06 0.0005003655763539294 7.46600074288035e-08 7.24391369697704e-08 7.180032576812682e-08
-0.005 0.264 -0.005 0.04998 -2.457000000000001e-07 7.220000000000004e-08 4.788400000000004e-06 0.0004998656419479138 7.458567927994491e-08 7.241873549474023e-08 7.172822025537441e-08
-0.005 0.264 -0.01 0.04998 -2.477999999999994e-07 1.3139999999999817e-07 4.7882000000000036e-06 0.0004998624410775429 7.452570026800068e-08 7.243371323147167e-08 7.176432796561531e-08
0.0 0.264 -0.01 0.049929999999999995 -2.458000000000002e-07 1.2749999999999984e-07 4.794199999999998e-06 0.0004993641256638285 7.463761993131254e-08 7.248577980588284e-08 7.185034210422244e-08
0.0 0.264 -0.005 0.05001 -2.432000000000004e-07 7.609999999999839e-08 4.787200000000002e-06 0.0005001672220367904 7.456868641309893e-08 7.242176257010653e-08 7.178062484630058e-08
0.0 0.264 0.0 0.049999999999999996 -2.460000000000004e-07 2.2700000000000498e-08 4.788700000000001e-06 0.0005000656156945806 7.461468016783455e-08 7.23426793441445e-08 7.166897869780516e-08
0.0 0.264 0.005 0.05002 -2.482999999999999e-07 -3.839999999999954e-08 4.797599999999996e-06 0.0005002639703196703 7.466490117761337e-08 7.24443447532763e-08 7.171809560907271e-08
0.0 0.264 0.01 0.049969999999999994 -2.462999999999993e-07 -8.750000000000147e-08 4.793000000000003e-06 0.0004997640743390825 7.462389290959072e-08 7.248926013812982e-08 7.176129508025399e-08
0.005 0.264 0.01 0.04995999999999999 -2.5310000000000054e-07 -8.560000000000234e-08 4.798200000000003e-06 0.0004996640471356729 7.461801096856657e-08 7.239171410875134e-08 7.166683396369259e-08
0.005 0.264 0.005 0.049969999999999994 -2.485000000000001e-07 -3.469999999999862e-08 4.7958e-06 0.0004997640743390825 7.465668014602372e-08 7.241568545001729e-08 7.166475358736779e-08
0.005 0.264 -0.0 0.049929999999999995 -2.466999999999997e-07 2.939999999999887e-08 4.7902e-06 0.0004993625035983379 7.47181124599759e-08 7.247774178474039e-08 7.169280336525012e-08
0.005 0.264 -0.005 0.05001 -2.4269999999999986e-07 7.689999999999919e-08 4.789399999999999e-06 0.0005001656025757869 7.465075121442342e-08 7.247668264866027e-08 7.166875327228312e-08
0.005 0.264 -0.01 0.05005 -2.4330000000000044e-07 1.3160000000000115e-07 4.7954e-06 0.0005005655501530244 7.461671088861458e-08 7.246667811865476e-08 7.16496829109748e-08
0.01 0.264 -0.01 0.04998 -2.378999999999992e-07 1.4149999999999996e-07 4.787599999999997e-06 0.0004998608606402386 7.477586519922067e-08 7.256702722375325e-08 7.173067811865476e-08
0.01 0.264 -0.005 0.04995 -2.4410000000000124e-07 7.919999999999871e-08 4.795400000000005e-06 0.0004995640599562783 7.471528996001966e-08 7.248630533178255e-08 7.171204218831175e-08
0.01 0.264 0.0 0.049969999999999994 -2.4160000000000015e-07 2.8200000000000448e-08 4.7843999999999995e-06 0.0004997656550824595 7.465972382616435e-08 7.24436922559312e-08 7.166281256294296e-08
0.01 0.264 0.005 0.04997 -2.460999999999991e-07 -2.5700000000000723e-08 4.788199999999998e-06 0.000499764034320198 7.468129519916e-08 7.24739897757364e-08 7.172828020198595e-08
0.01 0.264 0.01 0.04995999999999999 -2.5299999999999905e-07 -8.750000000000147e-08 4.798799999999997e-06 0.0004996624660708465 7.472539753599889e-08 7.2520918434193e-08 7.169822963629827e-08
0.01 0.29 0.01 0.0499 -2.2989999999999954e-07 -8.489999999999886e-08 4.497599999999996e-06 0.0004990641241363679 7.465000826475828e-08 7.24518300362082e-08 7.168281494030076e-08
0.01 0.29 0.005 0.049960000000000004 -2.3080000000000045e-07 -3.670000000000062e-08 4.502999999999996e-06 0.000499664047135673 7.466068014397069e-08 7.236691481671455e-08 7.167774068126382e-08
0.01 0.29 -0.0 0.049960000000000004 -2.2630000000000011e-07 2.6299999999998548e-08 4.4956e-06 0.0004996624660708466 7.46797568530716e-08 7.24341826878393e-08 7.183698180771912e-08
0.01 0.29 -0.005 0.049999999999999996 -2.2790000000000031e-07 8.279999999999954e-08 4.502200000000001e-06 0.0005000640358994036 7.460669095230918e-08 7.242789039440869e-08 7.177039600564167e-08
0.01 0.29 -0.01 0.04994 -2.3309999999999996e-07 1.34999999999999e-07 4.508699999999999e-06 0.000499464072782017 7.460803850743073e-08 7.246077068763503e-08 7.176900604515013e-08
0.005 0.29 -0.01 0.050019999999999995 -2.262e-07 1.3890000000000014e-07 4.502299999999998e-06 0.0005002639703196702 7.471588797582828e-08 7.248206175863792e-08 7.173963875930142e-08
0.005 0.29 -0.005 0.05002 -2.274999999999999e-07 7.949999999999901e-08 4.5014e-06 0.0005002655894622375 7.470224046941417e-08 7.241843981163185e-08 7.175609191232692e-08
0.005 0.29 0.0 0.049969999999999994 -2.2800000000000043e-07 2.0200000000000773e-08 4.500599999999999e-06 0.0004997624535716944 7.469501746163246e-08 7.239772820682642e-08 7.172685133223599e-08
0.005 0.29 0.005 0.04999 -2.2759999999999865e-07 -3.100000000000047e-08 4.497200000000002e-06 0.0004999640087046266 7.465169347005851e-08 7.238902254099482e-08 7.171823556118596e-08
0.005 0.29 0.01 0.04995 -2.3010000000000114e-07 -9.800000000000086e-08 4.508099999999998e-06 0.0004995640599562783 7.473376872166136e-08 7.244861540175791e-08 7.174070918614739e-08
-0.0 0.29 0.01 0.05002999999999999 -2.270999999999995e-07 -9.919999999999929e-08 4.5041e-06 0.0005003639575349127 7.469378745684772e-08 7.248198385172288e-08 7.172468009103942e-08
-0.0 0.29 0.005 0.049929999999999995 -2.2650000000000031e-07 -3.529999999999922e-08 4.497899999999999e-06 0.0004993641256638285 7.46276843734366e-08 7.242094125630347e-08 7.171119098713772e-08
-0.0 0.29 -0.0 0.05005 -2.2739999999999983e-07 1.4000000000000124e-08 4.504000000000002e-06 0.0005005639719356557 7.46786861831627e-08 7.246519799600012e-08 7.176490769517024e-08
-0.0 0.29 -0.005 0.04994 -2.2869999999999974e-07 7.639999999999869e-08 4.501000000000005e-06 0.0004994624910841654 7.467113263802498e-08 7.246471916720522e-08 7.174695028367706e-08
-0.0 0.29 -0.01 0.04998 -2.2800000000000043e-07 1.345000000000013e-07 4.502899999999999e-06 0.0004998656419479138 7.46600074288035e-08 7.247908644254379e-08 7.170393740001083e-08
-0.005 0.29 -0.01 0.049999999999999996 -2.2119999999999917e-07 1.2849999999999806e-07 4.4933e-06 0.0005000639959045241 7.465472882826791e-08 7.241383342572455e-08 7.163508603727077e-08
-0.005 0.29 -0.005 0.049960000000000004 -2.2830000000000071e-07 7.310000000000094e-08 4.4988000000000026e-06 0.000499664047135673 7.470569201099606e-08 7.251335002446568e-08 7.169532932593579e-08
-0.005 0.29 0.0 0.04999 -2.2679999999999923e-07 1.609999999999945e-08 4.4960999999999975e-06 0.000499965628818622 7.471427275347982e-08 7.242306884509542e-08 7.167786165863049e-08
-0.005 0.29 0.005 0.05000999999999999 -2.2630000000000011e-07 -4.350000000000187e-08 4.499599999999998e-06 0.0005001656025757868 7.463168130661572e-08 7.237372892966446e-08 7.161369196129506e-08
-0.005 0.29 0.01 0.05002 -2.251000000000003e-07 -9.659999999999946e-08 4.499999999999998e-06 0.0005002639703196703 7.462673991591997e-08 7.240675358867371e-08 7.164796036003139e-08
-0.01 0.29 0.01 0.04997 -2.2299999999999957e-07 -1.0370000000000101e-07 4.4987e-06 0.000499764034320198 7.466344778055008e-08 7.252103609430488e-08 7.179786991406162e-08
-0.01 0.29 0.005 0.0499 -2.3350000000000036e-07 -4.709999999999992e-08 4.5037e-06 0.0004990641241363679 7.451876687812453e-08 7.246318147100534e-08 7.178072484660639e-08
-0.01 0.29 -0.0 0.05001 -2.2760000000000003e-07 1.6599999999999947e-08 4.491900000000004e-06 0.0005001624036250626 7.452669122135763e-08 7.243668854736022e-08 7.172487533813428e-08
-0.01 0.29 -0.005 0.049999999999999996 -2.2859999999999963e-07 6.770000000000109e-08 4.4989e-06 0.0005000639959045241 7.471279056085325e-08 7.249526210378967e-08 7.171740151661469e-08
-0.01 0.29 -0.01 0.04995999999999999 -2.3040000000000005e-07 1.2919999999999875e-07 4.500700000000002e-06 0.0004996640471356729 7.469536530838496e-08 7.255970002225676e-08 7.166296799049e-08
-0.01 0.316 -0.01 0.04995 -2.1050000000000097e-07 1.458999999999988e-07 4.187599999999997e-06 0.0004995640999911823 7.465867811865476e-08 7.244567840683917e-08 7.162969172029513e-08
-0.01 0.316 -0.005 0.049999999999999996 -2.0570000000000034e-07 7.979999999999931e-08 4.172300000000001e-06 0.0005000639959045241 7.469575653695471e-08 7.227367843855235e-08 7.159495183193589e-08
-0.01 0.316 0.0 0.0499 -2.0779999999999965e-07 1.2499999999998623e-08 4.1717e-06 0.0004990641241363679 7.473381346313424e-08 7.237604594589293e-08 7.167005812678501e-08
-0.01 0.316 0.005 0.05001 -1.9839999999999998e-07 -6.059999999999954e-08 4.1612000000000035e-06 0.0005001624036250626 7.468344390586145e-08 7.237598649850516e-08 7.171182945586607e-08
-0.01 0.316 0.01 0.05001 -2.0980000000000028e-07 -1.2940000000000173e-07 4.180700000000004e-06 0.0005001639831095398 7.460369365933784e-08 7.228868318835511e-08 7.169927004660076e-08
-0.005 0.316 0.01 0.04995999999999999 -2.0629999999999954e-07 -1.2530000000000041e-07 4.179200000000005e-06 0.0004996640471356729 7.472437890471243e-08 7.232569328886214e-08 7.168539140983325e-08
-0.005 0.316 0.005 0.04999 -2.012999999999987e-07 -5.870000000000042e-08 4.1686e-06 0.0004999640087046266 7.470519085489681e-08 7.234776638750283e-08 7.164316082626922e-08
-0.005 0.316 -0.0 0.049960000000000004 -2.0960000000000008e-07 1.629999999999965e-08 4.174600000000001e-06 0.000499664047135673 7.465668268023347e-08 7.231903753122398e-08 7.16017729508696e-08
-0.005 0.316 -0.005 0.04999 -2.0600000000000063e-07 8.110000000000061e-08 4.1730999999999965e-06 0.0004999624285883891 7.461368439587236e-08 7.237877523812952e-08 7.162827171061146e-08
-0.005 0.316 -0.01 0.0499 -2.1860000000000073e-07 1.5110000000000124e-07 4.1931e-06 0.0004990625411709439 7.471369323229098e-08 7.245474520452043e-08 7.169590195109082e-08
0.0 0.316 -0.01 0.04992 -2.0850000000000036e-07 1.6100000000000003e-07 4.177600000000004e-06 0.0004992625161175231 7.467716270831347e-08 7.23875478214045e-08 7.166979542117828e-08
0.0 0.316 -0.005 0.050019999999999995 -2.0949999999999996e-07 8.210000000000162e-08 4.180899999999998e-06 0.0005002655894622374 7.461076478435849e-08 7.22799104150341e-08 7.164475520326823e-08
0.0 0.316 0.0 0.049960000000000004 -2.1739999999999955e-07 1.9000000000002347e-08 4.185e-06 0.0004996656682222624 7.46959101068833e-08 7.236888015700835e-08 7.164049638046725e-08
0.0 0.316 0.005 0.049969999999999994 -2.0590000000000054e-07 -5.0800000000000845e-08 4.175699999999999e-06 0.0004997640343201979 7.459108222132242e-08 7.239341874037874e-08 7.177470819341769e-08
0.0 0.316 0.01 0.05002 -2.0869999999999916e-07 -1.272000000000023e-07 4.188500000000001e-06 0.0005002639703196703 7.450777411428089e-08 7.247873354765013e-08 7.174553076517019e-08
0.005 0.316 0.01 0.049929999999999995 -2.0590000000000054e-07 -1.1589999999999934e-07 4.183799999999999e-06 0.0004993640856128922 7.454987621200707e-08 7.245697133572914e-08 7.167325071331971e-08
0.005 0.316 0.005 0.049969999999999994 -2.0769999999999956e-07 -4.870000000000152e-08 4.1794e-06 0.0004997624535716944 7.46678157205079e-08 7.250092949765158e-08 7.170607251285235e-08
0.005 0.316 -0.0 0.04995999999999999 -2.0880000000000065e-07 1.7100000000000448e-08 4.1796999999999974e-06 0.0004996640471356729 7.464639279327232e-08 7.245945140298867e-08 7.167583510070483e-08
0.005 0.316 -0.005 0.05005 -1.9850000000000006e-07 9.530000000000094e-08 4.1608000000000034e-06 0.0005005639719356557 7.456807024287547e-08 7.244578618445354e-08 7.168430741155838e-08
0.005 0.316 -0.01 0.04995999999999999 -2.0720000000000045e-07 1.5580000000000038e-07 4.183199999999998e-06 0.0004996656682222623 7.460169983537647e-08 7.252423649929763e-08 7.169568268717208e-08
0.01 0.316 -0.01 0.050039999999999994 -2.1200000000000108e-07 1.59200000000001e-07 4.1878000000000025e-06 0.000500462366217481 7.460869428075568e-08 7.254476045050357e-08 7.171036206871097e-08
0.01 0.316 -0.005 0.04988999999999999 -2.0880000000000065e-07 9.709999999999996e-08 4.175599999999996e-06 0.0004989625537051853 7.457867811865476e-08 7.240082130785501e-08 7.16597039349527e-08
0.01 0.316 0.0 0.04999999999999999 -2.0789999999999976e-07 1.9500000000000072e-08 4.176299999999999e-06 0.0005000624161042299 7.457870345466278e-08 7.24218069858065e-08 7.168114192529568e-08
0.01 0.316 0.005 0.04998 -2.0410000000000011e-07 -4.349999999999909e-08 4.175800000000002e-06 0.0004998656419479138 7.472569318711964e-08 7.252772462328803e-08 7.175378309898991e-08
0.01 0.316 0.01 0.049960000000000004 -2.0439999999999902e-07 -1.1190000000000089e-07 4.185e-06 0.0004996656682222624 7.465611928536856e-08 7.2427871177108e-08 7.171272402578676e-08
0.01 0.34299999999999997 0.01 0.04998 -1.7759999999999998e-07 -2.0080000000000098e-07 3.7420000000000008e-06 0.0004998640215098501 7.457669105189748e-08 7.240369258994554e-08 7.17317148466915e-08
0.01 0.34299999999999997 0.005 0.05001 -1.7589999999999966e-07 -8.319999999999994e-08 3.7107000000000003e-06 0.0005001640230964239 7.466387049950343e-08 7.240856386274946e-08 7.169790149763238e-08
0.01 0.34299999999999997 -0.0 0.049969999999999994 -1.8449999999999994e-07 2.13999999999992e-08 3.7127999999999994e-06 0.0004997656550824595 7.46443555329835e-08 7.244262038097184e-08 7.171877533618886e-08
0.01 0.34299999999999997 -0.005 0.049949999999999994 -1.905999999999991e-07 1.4020000000000143e-07 3.714200000000001e-06 0.0004995624785750027 7.459972453133744e-08 7.236770256023672e-08 7.165195916063957e-08
0.01 0.34299999999999997 -0.01 0.049999999999999996 -1.999000000000001e-07 2.455999999999986e-07 3.7320999999999994e-06 0.0005000656156945806 7.462368846875607e-08 7.236423731021701e-08 7.166776641134253e-08
0.005 0.34299999999999997 -0.01 0.04992 -1.9600000000000035e-07 2.413999999999999e-07 3.730099999999997e-06 0.0004992625161175231 7.467181558155604e-08 7.246791743075769e-08 7.172583524934931e-08
0.005 0.34299999999999997 -0.005 0.04986999999999999 -1.8110000000000072e-07 1.3610000000000011e-07 3.702700000000003e-06 0.0004987641627061831 7.46206461492146e-08 7.251131800491742e-08 7.185090002688139e-08
0.005 0.34299999999999997 0.0 0.05006 -1.8279999999999963e-07 2.0300000000000873e-08 3.7007999999999985e-06 0.0005006639591582362 7.455967824855863e-08 7.239768078610967e-08 7.175185149518722e-08
0.005 0.34299999999999997 0.005 0.04995999999999999 -1.772999999999997e-07 -9.639999999999926e-08 3.7084000000000008e-06 0.0004996640471356729 7.458978652136794e-08 7.23856855813247e-08 7.175202052151752e-08
0.005 0.34299999999999997 0.01 0.049969999999999994 -1.7039999999999973e-07 -2.030000000000004e-07 3.7200000000000012e-06 0.0004997624535716944 7.464221547699182e-08 7.246544875893798e-08 7.175387512785292e-08
-0.0 0.34299999999999997 0.01 0.049969999999999994 -1.7630000000000006e-07 -2.141000000000004e-07 3.7165000000000003e-06 0.0004997640343201979 7.461768131803916e-08 7.23297673688198e-08 7.171687690617142e-08
-0.0 0.34299999999999997 0.005 0.04995 -1.791000000000001e-07 -9.969999999999979e-08 3.7022e-06 0.0004995624785750027 7.465371476570738e-08 7.23802846591307e-08 7.171963797910511e-08
-0.0 0.34299999999999997 -0.0 0.04995999999999999 -1.8139999999999963e-07 1.9900000000000473e-08 3.6924000000000013e-06 0.0004996640471356729 7.469597936197376e-08 7.243131346642604e-08 7.16823087068929e-08
-0.0 0.34299999999999997 -0.005 0.04988999999999999 -1.8529999999999936e-07 1.2900000000000133e-07 3.7053999999999976e-06 0.0004989625537051853 7.471532541897972e-08 7.244062262643528e-08 7.170492154961118e-08
-0.0 0.34299999999999997 -0.01 0.049960000000000004 -1.887999999999987e-07 2.4249999999999826e-07 3.721000000000002e-06 0.0004996624660708466 7.467871037658816e-08 7.232169332652836e-08 7.165665591966279e-08
-0.005 0.34299999999999997 -0.01 0.05002 -1.812999999999995e-07 2.380999999999994e-07 3.718100000000002e-06 0.0005002623911508839 7.470193180640752e-08 7.246060040264339e-08 7.16978204589482e-08
-0.005 0.34299999999999997 -0.005 0.049999999999999996 -1.8679999999999948e-07 1.2090000000000157e-07 3.710000000000002e-06 0.0005000639959045241 7.471755870085333e-08 7.247007119582655e-08 7.171213505731962e-08
-0.005 0.34299999999999997 0.0 0.049960000000000004 -1.8530000000000074e-07 1.2999999999999124e-08 3.6978999999999985e-06 0.0004996624660708466 7.452278095042622e-08 7.241729817010148e-08 7.164587114685803e-08
-0.005 0.34299999999999997 0.005 0.049999999999999996 -1.8729999999999996e-07 -1.0469999999999924e-07 3.7068999999999962e-06 0.0005000639959045241 7.462913750979307e-08 7.245069650936216e-08 7.174454948396091e-08
-0.005 0.34299999999999997 0.01 0.05001 -1.8569999999999976e-07 -2.2030000000000104e-07 3.7197000000000035e-06 0.0005001639831095398 7.466789052134431e-08 7.245850991834259e-08 7.167379493399961e-08
-0.01 0.34299999999999997 0.01 0.05002 -1.9509999999999944e-07 -2.1899999999999975e-07 3.7179000000000017e-06 0.0005002639703196703 7.468795583085943e-08 7.244037231127957e-08 7.167871117594154e-08
-0.01 0.34299999999999997 0.005 0.049999999999999996 -1.9890000000000046e-07 -1.1049999999999949e-07 3.7165000000000003e-06 0.0005000639959045241 7.456987518540323e-08 7.236628978809902e-08 7.165067811865475e-08
-0.01 0.34299999999999997 -0.0 0.04994 -1.8350000000000034e-07 6.199999999997874e-09 3.6975999999999953e-06 0.000499464072782017 7.454582009777366e-08 7.246096095294183e-08 7.16938617230746e-08
-0.01 0.34299999999999997 -0.005 0.05002 -1.8139999999999963e-07 1.2530000000000041e-07 3.7015999999999994e-06 0.0005002655894622375 7.458758822852318e-08 7.243002334286076e-08 7.169968266869484e-08
-0.01 0.34299999999999997 -0.01 0.04992 -1.810000000000006e-07 2.3149999999999836e-07 3.7248999999999976e-06 0.0004992640984489071 7.445367825223745e-08 7.244180549698369e-08 7.179567857948416e-08
-0.01 0.369 -0.01 0.04994 -1.3619999999999882e-07 4.3100000000000083e-07 2.899499999999999e-06 0.000499464072782017 7.437980907843257e-08 7.24907331739831e-08 7.184893116609192e-08
-0.01 0.369 -0.005 0.04999 -1.4279999999999988e-07 2.146000000000009e-07 2.8761000000000037e-06 0.0004999624285883891 7.449168142465701e-08 7.23987965979091e-08 7.172976103971663e-08
-0.01 0.369 0.0 0.049999999999999996 -1.453999999999997e-07 3.500000000000725e-09 2.8637999999999996e-06 0.0005000639959045241 7.452903221433526e-08 7.242694033638258e-08 7.172967860933178e-08
-0.01 0.369 0.005 0.04993999999999999 -1.482999999999998e-07 -2.0529999999999994e-07 2.868700000000002e-06 0.0004994673162480203 7.450992146437505e-08 7.240315086585041e-08 7.173879873414693e-08
-0.01 0.369 0.01 0.050019999999999995 -1.5939999999999983e-07 -4.2449999999999986e-07 2.8951999999999977e-06 0.0005002639703196702 7.452574744961062e-08 7.249174128429488e-08 7.173466737641092e-08
-0.005 0.369 0.01 0.05005 -1.436999999999994e-07 -4.0599999999999805e-07 2.885599999999999e-06 0.0005005623537582505 7.456127859130834e-08 7.246528177760455e-08 7.179584446535005e-08
-0.005 0.369 0.005 0.04998 -1.4330000000000036e-07 -1.9550000000000124e-07 2.8675999999999978e-06 0.0004998640215098501 7.447685018057652e-08 7.23953062675351e-08 7.169307722288888e-08
-0.005 0.369 -0.0 0.04997 -1.438999999999996e-07 1.17000000000006e-08 2.865200000000001e-06 0.0004997624535716944 7.46110801492152e-08 7.239079716205615e-08 7.178393857166699e-08
-0.005 0.369 -0.005 0.04994 -1.4249999999999956e-07 2.2699999999999943e-07 2.8723000000000055e-06 0.0004994624910841654 7.45517730146447e-08 7.251126580049644e-08 7.177068000544553e-08
-0.005 0.369 -0.01 0.050019999999999995 -1.5259999999999995e-07 4.297000000000009e-07 2.9169999999999972e-06 0.0005002623911508839 7.455927890335561e-08 7.250708174813227e-08 7.176151778292329e-08
0.0 0.369 -0.01 0.05002999999999999 -1.5089999999999964e-07 4.383999999999985e-07 2.906799999999998e-06 0.0005003639575349127 7.4481679311972e-08 7.243693881739061e-08 7.174474678175213e-08
0.0 0.369 -0.005 0.05001 -1.457999999999987e-07 2.3429999999999839e-07 2.8758000000000005e-06 0.0005001640230964239 7.451374766837378e-08 7.242479480079749e-08 7.175117223204512e-08
0.0 0.369 0.0 0.04995 -1.4230000000000076e-07 1.7200000000000548e-08 2.8707999999999955e-06 0.0004995640599562783 7.457422493472933e-08 7.25076895265206e-08 7.175070888743038e-08
0.0 0.369 0.005 0.04999999999999999 -1.351999999999992e-07 -1.8370000000000054e-07 2.8652999999999982e-06 0.0005000656156945806 7.451968140035459e-08 7.243172721731522e-08 7.165871187332808e-08
0.0 0.369 0.01 0.049949999999999994 -1.3610000000000011e-07 -3.977999999999982e-07 2.8903999999999986e-06 0.0004995624785750027 7.450872077244368e-08 7.240679603908364e-08 7.165869710580639e-08
0.005 0.369 0.01 0.049969999999999994 -1.2739999999999972e-07 -3.9339999999999933e-07 2.899299999999999e-06 0.0004997640343201979 7.456714489538187e-08 7.246836125278332e-08 7.175283069865444e-08
0.005 0.369 0.005 0.05002999999999999 -1.3119999999999937e-07 -1.7290000000000084e-07 2.8754e-06 0.0005003639575349127 7.450332416066817e-08 7.249943411095779e-08 7.182142021293227e-08
0.005 0.369 -0.0 0.04999 -1.4139999999999985e-07 3.180000000000127e-08 2.8751000000000028e-06 0.0004999640487075045 7.442171705674204e-08 7.241475323437003e-08 7.1759975979131e-08
0.005 0.369 -0.005 0.05001 -1.4990000000000004e-07 2.404000000000017e-07 2.887700000000004e-06 0.0005001640230964239 7.446192457816658e-08 7.242174386841425e-08 7.174571724834987e-08
0.005 0.369 -0.01 0.05000999999999999 -1.588000000000006e-07 4.5560000000000045e-07 2.9108999999999995e-06 0.0005001639831095397 7.468831183733726e-08 7.245928728024577e-08 7.177017422530168e-08
0.01 0.369 -0.01 0.05001 -1.6359999999999985e-07 4.597999999999991e-07 2.9220000000000023e-06 0.0005001624036250626 7.462668271517914e-08 7.23788231962784e-08 7.169120042844684e-08
0.01 0.369 -0.005 0.049960000000000004 -1.5359999999999958e-07 2.491999999999994e-07 2.9005999999999977e-06 0.000499664047135673 7.466696931117333e-08 7.247772367550947e-08 7.17408353882015e-08
0.01 0.369 0.0 0.049949999999999994 -1.3949999999999934e-07 4.62000000000018e-08 2.8806999999999973e-06 0.0004995640999911823 7.476572263135743e-08 7.245375184056097e-08 7.179503968197208e-08
0.01 0.369 0.005 0.0499 -1.3110000000000066e-07 -1.7220000000000013e-07 2.893600000000002e-06 0.0004990641241363679 7.456980263076887e-08 7.241423322489582e-08 7.178824018183255e-08
0.01 0.369 0.01 0.05001 -1.1709999999999915e-07 -3.7790000000000044e-07 2.9063000000000004e-06 0.0005001624036250626 7.451472070516716e-08 7.235275607051941e-08 7.166179640782808e-08
0.01 0.396 0.01 0.04999 -9.520000000000084e-08 -4.2089999999999906e-07 1.5634000000000037e-06 0.0004999640487075045 7.458006902679521e-08 7.242958765670497e-08 7.172023247578467e-08
0.01 0.396 0.005 0.049929999999999995 -7.240000000000024e-08 -1.785000000000009e-07 1.5673999999999966e-06 0.0004993640856128922 7.45826827674123e-08 7.242477263180157e-08 7.175988829778953e-08
0.01 0.396 -0.0 0.049980000000000004 -6.76999999999997e-08 6.210000000000104e-08 1.577099999999998e-06 0.0004998640215098503 7.453076659930544e-08 7.233677774659888e-08 7.173989238206155e-08
0.01 0.396 -0.005 0.04998 -6.400000000000016e-08 2.9199999999999923e-07 1.585700000000001e-06 0.0004998656419479138 7.452468021618957e-08 7.232968089814588e-08 7.17003699898955e-08
0.01 0.396 -0.01 0.049999999999999996 -5.249999999999977e-08 5.321999999999993e-07 1.5683000000000003e-06 0.0005000639959045241 7.468326015053276e-08 7.23776874167692e-08 7.175252743597469e-08
0.005 0.396 -0.01 0.04999 -6.369999999999986e-08 5.232e-07 1.5687000000000008e-06 0.0004999640087046266 7.450291070645841e-08 7.24230157021937e-08 7.176536290568831e-08
0.005 0.396 -0.005 0.049999999999999996 -5.839999999999873e-08 2.781999999999993e-07 1.5736000000000028e-06 0.0005000608362989447 7.449167930881591e-08 7.239468880745693e-08 7.17237180981225e-08
0.005 0.396 0.0 0.049929999999999995 -7.390000000000035e-08 4.750000000000032e-08 1.5851999999999978e-06 0.0004993640856128922 7.448668023729823e-08 7.236667932638378e-08 7.173843100724228e-08
0.005 0.396 0.005 0.049949999999999994 -7.170000000000093e-08 -1.8779999999999907e-07 1.5693999999999985e-06 0.0004995640599562782 7.451473069452697e-08 7.238878181032581e-08 7.17887449069383e-08
0.005 0.396 0.01 0.04999 -7.479999999999986e-08 -4.2640000000000175e-07 1.550199999999996e-06 0.000499965628818622 7.449027201218353e-08 7.238668289191766e-08 7.180540913584574e-08
-0.0 0.396 0.01 0.049999999999999996 -7.460000000000105e-08 -4.289999999999988e-07 1.5530000000000044e-06 0.0005000639959045241 7.454269116664924e-08 7.235368572667123e-08 7.17656785925883e-08
-0.0 0.396 0.005 0.050019999999999995 -7.140000000000063e-08 -1.9809999999999829e-07 1.5708e-06 0.0005002655894622374 7.464488146876263e-08 7.235947525596426e-08 7.179874429311291e-08
-0.0 0.396 -0.0 0.04999999999999999 -8.289999999999964e-08 3.52000000000019e-08 1.5931000000000028e-06 0.0005000639959045241 7.471830709349761e-08 7.237181267070043e-08 7.176277127042413e-08
-0.0 0.396 -0.005 0.04995999999999999 -7.430000000000075e-08 2.7359999999999885e-07 1.580400000000004e-06 0.0004996640471356729 7.461168132296003e-08 7.230667811865475e-08 7.166471166104203e-08
-0.0 0.396 -0.01 0.049949999999999994 -8.009999999999961e-08 5.045999999999995e-07 1.5782999999999991e-06 0.0004995624785750027 7.463368436387028e-08 7.232870902070824e-08 7.1679951042036e-08
-0.005 0.396 -0.01 0.04999 -8.650000000000046e-08 4.964999999999997e-07 1.5646000000000049e-06 0.0004999624285883891 7.470397875847641e-08 7.24162290560354e-08 7.175323267358221e-08
-0.005 0.396 -0.005 0.050030000000000005 -8.200000000000013e-08 2.588000000000007e-07 1.5793e-06 0.0005003639575349128 7.454567929205745e-08 7.235168086088281e-08 7.179652985807409e-08
-0.005 0.396 0.0 0.05002999999999999 -7.88999999999998e-08 2.1699999999999496e-08 1.5849000000000003e-06 0.0005003655763539294 7.462471950831839e-08 7.234088546742975e-08 7.16869731560282e-08
-0.005 0.396 0.005 0.04999 -6.280000000000035e-08 -2.047000000000021e-07 1.5566000000000024e-06 0.0004999640487075045 7.467611706031052e-08 7.23907144277862e-08 7.173785385824365e-08
-0.005 0.396 0.01 0.049969999999999994 -6.369999999999986e-08 -4.433999999999993e-07 1.5451999999999967e-06 0.0004997656550824595 7.467863199943513e-08 7.23928582516964e-08 7.172645171547641e-08
-0.01 0.396 0.01 0.04999999999999999 -5.970000000000003e-08 -4.583999999999977e-07 1.5409999999999978e-06 0.0005000639959045241 7.458768443796867e-08 7.230285901290013e-08 7.172633554121415e-08
-0.01 0.396 0.005 0.05002 -6.440000000000056e-08 -2.150000000000013e-07 1.5531000000000017e-06 0.0005002639703196703 7.466307485987394e-08 7.240276440487068e-08 7.173905937091483e-08
-0.01 0.396 -0.0 0.049960000000000004 -7.689999999999919e-08 1.05999999999995e-08 1.5708e-06 0.000499664047135673 7.466021302798269e-08 7.238336039571756e-08 7.174427088178732e-08
-0.01 0.396 -0.005 0.04999 -8.359999999999895e-08 2.485000000000001e-07 1.5651000000000026e-06 0.0004999624285883891 7.456268279154911e-08 7.232373050466087e-08 7.172167861321447e-08
-0.01 0.396 -0.01 0.050030000000000005 -9.499999999999925e-08 4.906000000000008e-07 1.5544999999999976e-06 0.0005003639575349128 7.453969391909225e-08 7.230675831714104e-08 7.171029104374127e-08
-0.01 0.42200000000000004 -0.01 0.050039999999999994 -4.900000000000043e-08 2.558000000000005e-07 6.074000000000024e-07 0.0005004655632508594 7.45689767074112e-08 7.244017746817762e-08 7.178230585252506e-08
-0.01 0.42200000000000004 -0.005 0.04999999999999999 -3.9799999999999556e-08 1.4239999999999948e-07 6.273000000000029e-07 0.0005000639959045241 7.455468280127417e-08 7.235270856904233e-08 7.174569019587898e-08
-0.01 0.42200000000000004 0.0 0.04994 -3.139999999999949e-08 1.229999999999981e-08 6.378999999999968e-07 0.000499464072782017 7.446967931578146e-08 7.234768086758342e-08 7.181868533884784e-08
-0.01 0.42200000000000004 0.005 0.049969999999999994 -2.1799999999999596e-08 -1.0520000000000113e-07 6.286000000000014e-07 0.0004997640743390825 7.448570791986163e-08 7.235372954816024e-08 7.180967857361372e-08
-0.01 0.42200000000000004 0.01 0.04994 -1.2100000000000998e-08 -2.257999999999996e-07 6.033000000000011e-07 0.0004994624910841654 7.452532043478349e-08 7.240515030786295e-08 7.184908577850249e-08
-0.005 0.42200000000000004 0.01 0.049949999999999994 -2.420000000000061e-08 -2.2480000000000138e-07 6.191000000000002e-07 0.0004995640999911823 7.454770743832381e-08 7.23526793366811e-08 7.172193970696908e-08
-0.005 0.42200000000000004 0.005 0.04998 -2.7199999999999446e-08 -1.0010000000000158e-07 6.375000000000019e-07 0.0004998656419479138 7.453767929451034e-08 7.233173024613246e-08 7.169297135389564e-08
-0.005 0.42200000000000004 -0.0 0.049909999999999996 -2.7400000000001036e-08 2.2400000000000197e-08 6.427000000000016e-07 0.0004991641112900646 7.458776981217969e-08 7.240408238226106e-08 7.18362224314208e-08
-0.005 0.42200000000000004 -0.005 0.04988 -3.2999999999999693e-08 1.4220000000000065e-07 6.377999999999995e-07 0.0004988641498444241 7.459138372459809e-08 7.243192243600196e-08 7.178047062190014e-08
-0.005 0.42200000000000004 -0.01 0.05001 -3.530000000000061e-08 2.703000000000011e-07 6.079999999999974e-07 0.0005001639831095398 7.45156782500608e-08 7.234682603372845e-08 7.175808730326218e-08
0.0 0.42200000000000004 -0.01 0.04992 -2.13999999999992e-08 2.725000000000005e-07 6.124000000000019e-07 0.0004992640984489071 7.455026273160445e-08 7.24847970549158e-08 7.176781481747852e-08
0.0 0.42200000000000004 -0.005 0.049999999999999996 -2.6700000000000335e-08 1.4710000000000001e-07 6.382999999999972e-07 0.0005000656156945806 7.451868021949452e-08 7.247053777214989e-08 7.171268011466075e-08
0.0 0.42200000000000004 0.0 0.049980000000000004 -2.7399999999999646e-08 3.0899999999998986e-08 6.413000000000002e-07 0.0004998640215098503 7.451269705600897e-08 7.240572797042903e-08 7.17199402253446e-08
0.0 0.42200000000000004 0.005 0.05005 -2.839999999999926e-08 -9.960000000000108e-08 6.402999999999992e-07 0.0005005639319807211 7.450169407747108e-08 7.234673801975863e-08 7.168594936297605e-08
0.0 0.42200000000000004 0.01 0.04999 -2.960000000000046e-08 -2.1709999999999924e-07 6.129999999999969e-07 0.0004999640087046266 7.458150490372277e-08 7.24205629100954e-08 7.171633114032774e-08
0.005 0.42200000000000004 0.01 0.04995 -3.720000000000112e-08 -2.0600000000000063e-07 6.083999999999979e-07 0.0004995640599562783 7.457819127312495e-08 7.242949457191555e-08 7.172978851502995e-08
0.005 0.42200000000000004 0.005 0.04998 -3.289999999999959e-08 -9.500000000000064e-08 6.408000000000025e-07 0.0004998640215098501 7.448670407195539e-08 7.235070860617625e-08 7.17054293438362e-08
0.005 0.42200000000000004 -0.0 0.049969999999999994 -2.339999999999981e-08 3.1099999999999187e-08 6.442000000000003e-07 0.0004997624535716944 7.45871424871225e-08 7.236240509367211e-08 7.16819659235818e-08
0.005 0.42200000000000004 -0.005 0.04999 -1.820000000000016e-08 1.5480000000000078e-07 6.340999999999985e-07 0.0004999640087046266 7.454770743832381e-08 7.232912428705209e-08 7.168776460407967e-08
0.005 0.42200000000000004 -0.01 0.04993999999999999 -1.0800000000001086e-08 2.7589999999999976e-07 6.110999999999977e-07 0.0004994624910841653 7.452679604136102e-08 7.240298069207359e-08 7.163176986218523e-08
0.01 0.42200000000000004 -0.01 0.04998 1.4000000000000123e-09 2.833000000000002e-07 6.015000000000049e-07 0.0004998640215098501 7.445867865227265e-08 7.245270682105895e-08 7.175674695004206e-08
0.01 0.42200000000000004 -0.005 0.04999999999999999 -5.000000000000837e-09 1.597000000000001e-07 6.220000000000004e-07 0.0005000624161042299 7.452210436089008e-08 7.253026598407924e-08 7.182276624465917e-08
0.01 0.42200000000000004 0.0 0.049999999999999996 -1.9700000000000272e-08 3.510000000000041e-08 6.34499999999999e-07 0.0005000639959045241 7.454049299668738e-08 7.24552330762299e-08 7.180573062881123e-08
0.01 0.42200000000000004 0.005 0.04995 -3.0999999999999086e-08 -7.989999999999941e-08 6.197000000000008e-07 0.0004995624785750027 7.454368451050959e-08 7.236272170161497e-08 7.166605971780769e-08
0.01 0.42200000000000004 0.01 0.04994 -4.380000000000078e-08 -2.0710000000000034e-07 6.043999999999994e-07 0.000499464072782017 7.45627658642805e-08 7.237007198389592e-08 7.168430741155838e-08
0.01 0.44799999999999995 0.01 0.050030000000000005 -1.5700000000000435e-08 -6.400000000000016e-08 2.2559999999999802e-07 0.0005003655763539295 7.460383544915143e-08 7.245836516157749e-08 7.175926764749814e-08
0.01 0.44799999999999995 0.005 0.04998 -1.0000000000000286e-08 -3.25999999999993e-08 2.3409999999999819e-07 0.0004998640215098501 7.461707953172024e-08 7.242269505782329e-08 7.171447291840219e-08
0.01 0.44799999999999995 -0.0 0.049929999999999995 8.000000000008001e-10 1.799999999999996e-08 2.2979999999999667e-07 0.0004993640856128922 7.457987467608112e-08 7.231990464093184e-08 7.166774133495763e-08
0.01 0.44799999999999995 -0.005 0.049999999999999996 1.5000000000001123e-09 6.430000000000046e-08 2.2960000000000203e-07 0.0005000639959045241 7.462530402670778e-08 7.238176459158188e-08 7.173589809505007e-08
0.01 0.44799999999999995 -0.01 0.049969999999999994 2.2000000000008126e-09 9.910000000000058e-08 2.3079999999999767e-07 0.0004997624535716944 7.465502090294722e-08 7.240519869982219e-08 7.177632064783609e-08
0.005 0.44799999999999995 -0.01 0.04999999999999999 -3.0000000000002246e-09 1.0399999999999993e-07 2.297000000000049e-07 0.0005000639959045241 7.45597354058356e-08 7.230225909366042e-08 7.16793473088327e-08
0.005 0.44799999999999995 -0.005 0.04999999999999999 -3.900000000001125e-09 6.079999999999974e-08 2.3749999999999606e-07 0.0005000639959045241 7.45206786435891e-08 7.235473772827967e-08 7.168288385819758e-08
0.005 0.44799999999999995 0.0 0.04998 -1.0200000000000487e-08 1.3299999999999423e-08 2.4720000000000295e-07 0.0004998640215098501 7.458181877742705e-08 7.243626555486308e-08 7.174891123313339e-08
0.005 0.44799999999999995 0.005 0.04995999999999999 -1.1200000000000099e-08 -2.460000000000101e-08 2.3719999999999852e-07 0.0004996640471356729 7.454619555441229e-08 7.239022865376824e-08 7.179934151934388e-08
0.005 0.44799999999999995 0.01 0.04998 -2.409999999999912e-08 -7.530000000000036e-08 2.4550000000000404e-07 0.0004998640215098501 7.453567824937371e-08 7.23371700491604e-08 7.167892808638003e-08
-0.0 0.44799999999999995 0.01 0.049969999999999994 -1.0100000000000387e-08 -7.82999999999992e-08 2.3279999999999968e-07 0.0004997624535716944 7.45799398053335e-08 7.242048278586093e-08 7.172967860933178e-08
-0.0 0.44799999999999995 0.005 0.05005 -8.500000000000174e-09 -2.7599999999999847e-08 2.3639999999999772e-07 0.0005005623537582505 7.461021988660648e-08 7.24490480447637e-08 7.166903087208117e-08
-0.0 0.44799999999999995 -0.0 0.049929999999999995 -6.600000000001049e-09 1.0600000000000886e-08 2.429999999999988e-07 0.0004993640856128922 7.452369398539332e-08 7.237778639348276e-08 7.165468659319299e-08
-0.0 0.44799999999999995 -0.005 0.04998 -6.899999999999962e-09 5.959999999999993e-08 2.3900000000000033e-07 0.0004998640215098501 7.44946828755228e-08 7.236970253077171e-08 7.178831349298135e-08
-0.0 0.44799999999999995 -0.01 0.05002 -6.1999999999992614e-09 1.0550000000000004e-07 2.269000000000021e-07 0.0005002655894622375 7.456555036037691e-08 7.24371386597619e-08 7.181636252209003e-08
-0.005 0.44799999999999995 -0.01 0.050019999999999995 -1.2399999999999911e-08 9.819999999999967e-08 2.3019999999999707e-07 0.0005002639703196702 7.451295638306414e-08 7.242469387120781e-08 7.177192738249431e-08
-0.005 0.44799999999999995 -0.005 0.04995 -1.0899999999999798e-08 5.6600000000001096e-08 2.3979999999999557e-07 0.0004995640599562783 7.450974774160193e-08 7.24326885715847e-08 7.175378309898991e-08
-0.005 0.44799999999999995 0.0 0.049999999999999996 -8.800000000000474e-09 1.16000000000005e-08 2.4170000000000027e-07 0.00050006241610423 7.46055414025198e-08 7.246260562857062e-08 7.177967578001796e-08
-0.005 0.44799999999999995 0.005 0.049929999999999995 -1.0899999999999798e-08 -3.669999999999923e-08 2.4520000000000095e-07 0.0004993641256638285 7.462864417261694e-08 7.246303710014228e-08 7.176955488202243e-08
-0.005 0.44799999999999995 0.01 0.049999999999999996 -9.800000000000086e-09 -7.479999999999986e-08 2.3000000000000243e-07 0.00050006241610423 7.456267811865476e-08 7.236770256023672e-08 7.168758138919898e-08
-0.01 0.44799999999999995 0.01 0.05004 -4.999999999991123e-10 -7.769999999999999e-08 2.2279999999999522e-07 0.0005004639847181813 7.46803725653345e-08 7.278250098753134e-08 7.193710137348973e-08
-0.01 0.44799999999999995 0.005 0.049999999999999996 -5.7000000000001495e-09 -3.730000000000122e-08 2.4180000000000313e-07 0.0005000639959045241 7.461370694252988e-08 7.254379840930674e-08 7.189193592286178e-08
-0.01 0.44799999999999995 -0.0 0.04994 -8.500000000000174e-09 1.7400000000000748e-08 2.3539999999999672e-07 0.000499464072782017 7.464581648979242e-08 7.247825103087082e-08 7.177818830595978e-08
-0.01 0.44799999999999995 -0.005 0.049949999999999994 -1.4100000000000224e-08 5.180000000000046e-08 2.356999999999998e-07 0.0004995624785750027 7.458768443796867e-08 7.242172750426582e-08 7.177232306872045e-08
-0.01 0.44799999999999995 -0.01 0.05001 -1.3799999999999923e-08 9.919999999999929e-08 2.2359999999999602e-07 0.0005001624036250626 7.466059280127767e-08 7.253418024368779e-08 7.188168879324317e-08
-0.01 0.475 -0.01 0.049969999999999994 -1.5099999999999837e-08 3.4299999999999606e-08 1.0209999999999941e-07 0.0004997640343201979 7.463568436068802e-08 7.253289325414234e-08 7.187676216365324e-08
-0.01 0.475 -0.005 0.049999999999999996 -4.299999999998749e-09 1.890000000000086e-08 9.440000000000004e-08 0.00050006241610423 7.456270355989992e-08 7.25057118230737e-08 7.182513762891074e-08
-0.01 0.475 0.0 0.04992 -3.900000000001125e-09 9.299999999999587e-09 9.339999999999904e-08 0.0004992657208341065 7.455468019981965e-08 7.251768503618441e-08 7.178267998432477e-08
-0.01 0.475 0.005 0.05001 -1.7000000000003124e-09 -1.2900000000000412e-08 9.409999999999696e-08 0.0005001624036250626 7.465047024515077e-08 7.249522063706108e-08 7.183123244576255e-08
-0.01 0.475 0.01 0.049980000000000004 -2.0000000000006122e-09 -2.5000000000000022e-08 9.099999999999663e-08 0.0004998640615207298 7.463149436020447e-08 7.252070629523103e-08 7.181290314105264e-08
-0.005 0.475 0.01 0.04997 -1.9000000000005125e-09 -2.370000000000011e-08 9.019999999999584e-08 0.0004997656550824596 7.456568447403214e-08 7.242475279614113e-08 7.180787910297805e-08
-0.005 0.475 0.005 0.04998 6.7999999999998615e-09 -1.4600000000000723e-08 8.500000000000174e-08 0.0004998640215098501 7.461290415003736e-08 7.256437982065537e-08 7.187317543047961e-08
-0.005 0.475 -0.0 0.050019999999999995 -6.000000000006e-10 5.6999999999987615e-09 9.210000000000051e-08 0.0005002639703196702 7.458593940016856e-08 7.248749887494955e-08 7.195268455986189e-08
-0.005 0.475 -0.005 0.04999 -9.999999999996123e-10 2.1699999999999496e-08 9.179999999999743e-08 0.000499965628818622 7.45117361292618e-08 7.248248510588559e-08 7.183977775996194e-08
-0.005 0.475 -0.01 0.05005 -4.400000000000237e-09 3.230000000000038e-08 9.019999999999584e-08 0.0005005639319807211 7.447968461904714e-08 7.257269530439715e-08 7.179578180033683e-08
0.0 0.475 -0.01 0.05001 -4.399999999998849e-09 3.8900000000000044e-08 9.100000000000219e-08 0.0005001639831095398 7.4661678245205e-08 7.27427263464289e-08 7.19121880020931e-08
0.0 0.475 -0.005 0.04999 3.000000000003e-10 2.1000000000000185e-08 8.969999999999811e-08 0.0004999624285883891 7.457172719889189e-08 7.275153774146079e-08 7.184799865394812e-08
0.0 0.475 0.0 0.049929999999999995 -9.599999999999886e-09 3.499999999999337e-09 1.0359999999999814e-07 0.0004993625035983379 7.449371631565991e-08 7.260885619249293e-08 7.179876818845596e-08
0.0 0.475 0.005 0.04998 -4.500000000000337e-09 -5.1999999999996495e-09 9.339999999999904e-08 0.0004998656419479138 7.457479742323115e-08 7.277835749418666e-08 7.183307911651604e-08
0.0 0.475 0.01 0.05001 -3.500000000000725e-09 -2.920000000000006e-08 9.419999999999984e-08 0.0005001656025757869 7.4573773768519e-08 7.272069403898972e-08 7.183267990118454e-08
0.005 0.475 0.01 0.049999999999999996 9.999999999996123e-10 -2.410000000000051e-08 8.610000000000006e-08 0.0005000656156945806 7.430868701247367e-08 7.265869454569022e-08 7.177483036340172e-08
0.005 0.475 0.005 0.050039999999999994 -3.0000000000002246e-09 -7.700000000000762e-09 9.409999999999696e-08 0.0005004607876747187 7.430368493746265e-08 7.267039493493205e-08 7.184796084515683e-08
0.005 0.475 -0.0 0.049969999999999994 -4.899999999999349e-09 9.000000000009001e-10 1.0189999999999921e-07 0.0004997640343201979 7.439852437358459e-08 7.268558976224796e-08 7.182647827997398e-08
0.005 0.475 -0.005 0.049929999999999995 -6.40000000000085e-09 2.2800000000000598e-08 1.0379999999999834e-07 0.0004993640856128922 7.433990971776772e-08 7.26476990271635e-08 7.185951840346374e-08
0.005 0.475 -0.01 0.049969999999999994 5.999999999992123e-10 3.760000000000013e-08 8.949999999999791e-08 0.0004997624535716944 7.428167937880575e-08 7.257691926062972e-08 7.184248905693023e-08
0.01 0.475 -0.01 0.04995999999999999 1.2999999999999124e-09 3.3900000000000595e-08 9.069999999999911e-08 0.0004996656682222623 7.435489765101007e-08 7.259454064017802e-08 7.180670731534616e-08
0.01 0.475 -0.005 0.04998 2.0000000000020003e-10 2.5000000000000022e-08 9.049999999999891e-08 0.0004998624410775429 7.433198313204427e-08 7.26146875724128e-08 7.185869902438775e-08
0.01 0.475 0.0 0.049999999999999996 1.4000000000000123e-09 4.300000000000137e-09 9.030000000000427e-08 0.00050006241610423 7.431368491853732e-08 7.261393059796484e-08 7.182394448390613e-08
0.01 0.475 0.005 0.050019999999999995 -9.000000000009001e-10 -8.099999999999775e-09 9.199999999999763e-08 0.0005002623911508839 7.428370960466213e-08 7.263270413304686e-08 7.18228831357267e-08
0.01 0.475 0.01 0.04999 5.29999999999975e-09 -1.789999999999986e-08 7.610000000000116e-08 0.0004999640087046266 7.432968157264593e-08 7.27837844835092e-08 7.203522332362135e-08
0.01 0.501 0.01 0.049999999999999996 -1.8000000000004123e-09 -1.2399999999999911e-08 4.21999999999978e-08 0.00050006241610423 7.430201547401418e-08 7.268468369108863e-08 7.196951885520565e-08
0.01 0.501 0.005 0.05000999999999999 6.000000000006e-10 2.5999999999998248e-09 3.810000000000202e-08 0.0005001624036250625 7.42966870422354e-08 7.259291721080007e-08 7.18318070140098e-08
0.01 0.501 -0.0 0.05000999999999999 -1.0000000000010001e-10 -2.0000000000006122e-09 4.5600000000001196e-08 0.0005001639831095397 7.437534672577327e-08 7.259363430508077e-08 7.189400394022716e-08
0.01 0.501 -0.005 0.04994 -4.500000000000337e-09 8.799999999999086e-09 4.890000000000172e-08 0.0004994624910841654 7.445824186060766e-08 7.259184424635322e-08 7.188088493798201e-08
0.01 0.501 -0.01 0.049960000000000004 1.5000000000001123e-09 1.589999999999925e-08 3.989999999999827e-08 0.000499664047135673 7.436123917142459e-08 7.255486140672566e-08 7.182541037350343e-08
0.005 0.501 -0.01 0.04997 3.000000000003e-10 1.1999999999999512e-08 4.25999999999982e-08 0.000499764034320198 7.43016815995776e-08 7.251367839597032e-08 7.180682591890798e-08
0.005 0.501 -0.005 0.050039999999999994 -5.399999999999849e-09 9.199999999999487e-09 4.790000000000072e-08 0.0005004639447552641 7.439534309664122e-08 7.258160997203692e-08 7.187497790822787e-08
0.005 0.501 0.0 0.050039999999999994 -7.000000000007001e-10 3.4000000000006248e-09 4.3000000000004144e-08 0.0005004639447552641 7.434605375261612e-08 7.262094616267371e-08 7.188565896956255e-08
0.005 0.501 0.005 0.04999999999999999 4.0000000000040006e-10 -7.600000000000662e-09 4.5600000000001196e-08 0.0005000624161042299 7.473061095391457e-08 7.250686797498955e-08 7.190362824334564e-08
0.005 0.501 0.01 0.04995999999999999 4.800000000000637e-09 -3.699999999999537e-09 3.200000000000425e-08 0.0004996656682222623 7.51086853946833e-08 7.244168071830619e-08 7.200269205046819e-08
-0.0 0.501 0.01 0.050019999999999995 -9.000000000009001e-10 -9.099999999999387e-09 4.3000000000004144e-08 0.0005002639703196702 7.50987332687184e-08 7.244969220715433e-08 7.204740247318713e-08
-0.0 0.501 0.005 0.04994 -1.0000000000010001e-10 -6.2999999999993616e-09 4.430000000000267e-08 0.0004994624910841654 7.509567823267984e-08 7.235586807729176e-08 7.20168312490342e-08
-0.0 0.501 -0.0 0.049980000000000004 -3.000000000003e-10 9.100000000000775e-09 3.739999999999855e-08 0.0004998640215098503 7.51336782317002e-08 7.237269737245419e-08 7.197988653337631e-08
-0.0 0.501 -0.005 0.05004 -3.000000000003e-10 6.1999999999992614e-09 4.359999999999919e-08 0.0005004655632508594 7.446267865170375e-08 7.259576485405979e-08 7.179792234144925e-08
-0.0 0.501 -0.01 0.049929999999999995 1.4000000000000123e-09 1.4599999999999335e-08 4.0200000000001346e-08 0.0004993625035983379 7.455568527079375e-08 7.260541028970163e-08 7.180669454188937e-08
-0.005 0.501 -0.01 0.04998 -3.9999999999901226e-10 1.909999999999967e-08 3.850000000000242e-08 0.0004998624410775429 7.443574912468941e-08 7.253273190490806e-08 7.181679655715943e-08
-0.005 0.501 -0.005 0.049999999999999996 -4.999999999991123e-10 8.700000000000374e-09 4.319999999999879e-08 0.0005000639959045241 7.45284148827599e-08 7.262019114558073e-08 7.180211570276115e-08
-0.005 0.501 0.0 0.04989999999999999 -7.999999999994123e-10 3.4000000000006248e-09 4.4399999999999994e-08 0.0004990609582004987 7.452891043217368e-08 7.264773568104159e-08 7.189516619373192e-08
-0.005 0.501 0.005 0.05002 6.000000000006e-10 -3.599999999999437e-09 4.3200000000004344e-08 0.0005002639703196703 7.43756891691156e-08 7.256670505811442e-08 7.18673699531552e-08
-0.005 0.501 0.01 0.049929999999999995 -7.999999999994123e-10 -1.2399999999999911e-08 4.510000000000347e-08 0.0004993640856128922 7.527575796461583e-08 7.240697997858418e-08 7.20954770210229e-08
-0.01 0.501 0.01 0.05002999999999999 -8.800000000000474e-09 -1.0000000000000286e-08 5.280000000000284e-08 0.0005003639575349127 7.53799566496486e-08 7.25642368579452e-08 7.207677181968701e-08
-0.01 0.501 0.005 0.05005 3.000000000003e-10 -3.499999999999337e-09 4.2399999999998e-08 0.0005005623537582505 7.535413308236443e-08 7.250942990809097e-08 7.20538460158292e-08
-0.01 0.501 -0.0 0.05002999999999999 -7.000000000007001e-10 -1.1000000000011e-09 4.510000000000347e-08 0.0005003639575349127 7.445967931897465e-08 7.251001855336966e-08 7.180691531926419e-08
-0.01 0.501 -0.005 0.050030000000000005 -1.5000000000001123e-09 1.2399999999999911e-08 3.8599999999999743e-08 0.0005003623786816911 7.457661267578322e-08 7.258788508646624e-08 7.183780632786612e-08
-0.01 0.501 -0.01 0.050019999999999995 -1.7000000000003124e-09 1.0999999999999898e-08 4.350000000000187e-08 0.0005002623911508839 7.448454748576326e-08 7.263738152084202e-08 7.193582545673291e-08
0.0 0.0 0.0 0.049999999999999996 -6.099999999999161e-09 4.999999999999449e-09 5.769999999999942e-08 0.0005000608762940768 7.565304233024419e-08 7.24910157270875e-08 7.195752694670088e-08
