-0.01 0.0 -0.01 0.10008999999999998 5.899999999998962e-09 -3.080000000000027e-08 9.55999999999957e-08 0.001000931970715293 7.485367823934025e-08 7.231776803524313e-08 7.174265970763782e-08
-0.01 0.0 -0.005 0.10005999999999998 6.899999999999962e-09 -2.0699999999998498e-08 1.0299999999999753e-07 0.0010006327897885416 7.481368408989096e-08 7.228869839735842e-08 7.171204218831175e-08
-0.01 0.0 0.0 0.10009 7.900000000000962e-09 -9.200000000000875e-09 1.0539999999999994e-07 0.001000931970715293 7.495841280905151e-08 7.232545240628755e-08 7.169162663922044e-08
-0.01 0.0 0.005 0.10009 9.500000000001174e-09 1.1299999999997423e-08 1.0200000000000209e-07 0.001000931970715293 7.495020757367686e-08 7.239943446579309e-08 7.16740824989645e-08
-0.01 0.0 0.01 0.10009 1.16000000000005e-08 1.559999999999895e-08 1.0470000000000202e-07 0.001000931970715293 7.48937413503069e-08 7.231387305377649e-08 7.162075723609456e-08
-0.005 0.0 0.01 0.10009 1.0799999999999698e-08 2.2300000000000097e-08 1.0339999999999793e-07 0.001000931970715293 7.493484904322683e-08 7.230289041605734e-08 7.16644432889142e-08
-0.005 0.0 0.005 0.10007999999999999 1.0799999999999698e-08 1.1499999999997623e-08 1.0129999999999861e-07 0.0010008327832360408 7.494832133157394e-08 7.237925835346518e-08 7.174572111293085e-08
-0.005 0.0 -0.0 0.10015 6.599999999999662e-09 -9.800000000001474e-09 1.0759999999999658e-07 0.0010015319515622057 7.495570462033882e-08 7.215076700480033e-08 7.165586910464648e-08
-0.005 0.0 -0.005 0.10003999999999999 7.3000000000003615e-09 -1.7000000000000347e-08 1.0370000000000101e-07 0.001000432006685112 7.498735346289122e-08 7.232630493199997e-08 7.172416516839935e-08
-0.005 0.0 -0.01 0.1001 6.899999999999962e-09 -3.4000000000000695e-08 1.0109999999999841e-07 0.001001032776686158 7.504067811865476e-08 7.237576490317981e-08 7.175775882232568e-08
0.0 0.0 -0.01 0.1001 4.700000000000537e-09 -3.750000000000142e-08 1.0890000000000066e-07 0.00100103117833562 7.500501764878044e-08 7.227624383110505e-08 7.174952748213341e-08
0.0 0.0 -0.005 0.10004 1.1500000000000399e-08 -1.830000000000165e-08 1.0120000000000129e-07 0.0010004319866937482 7.495367823649591e-08 7.217871217820515e-08 7.16793473088327e-08
0.0 0.0 0.0 0.10008 9.000000000000675e-09 -5.80000000000025e-09 1.0630000000000362e-07 0.0010008319739097068 7.492268001798957e-08 7.215876651374671e-08 7.163498975441404e-08
0.0 0.0 0.005 0.10017 1.0500000000000787e-08 9.200000000000875e-09 1.0479999999999934e-07 0.0010017311565485023 7.498223544590673e-08 7.224177707038844e-08 7.170349733684103e-08
0.0 0.0 0.01 0.10003999999999999 9.200000000000875e-09 2.660000000000162e-08 1.0300000000000309e-07 0.001000432006685112 7.490582412326532e-08 7.221768110471683e-08 7.169815571333728e-08
0.005 0.0 0.01 0.10003999999999999 1.2000000000000898e-08 2.34000000000012e-08 1.0129999999999861e-07 0.0010004327963436623 7.494268237196075e-08 7.218168117779502e-08 7.165641592587195e-08
0.005 0.0 0.005 0.10005999999999998 1.05999999999995e-08 9.600000000001274e-09 1.0650000000000382e-07 0.0010006327897885416 7.497918839742884e-08 7.22386683018693e-08 7.170673634988423e-08
0.005 0.0 -0.0 0.10014999999999999 1.0099999999998999e-08 6.000000000006e-10 1.0290000000000021e-07 0.0010015319515622055 7.498000710574395e-08 7.225000914218414e-08 7.175552260469084e-08
0.005 0.0 -0.005 0.10011 7.900000000000962e-09 -2.2400000000000197e-08 1.0850000000000026e-07 0.0010011335824953631 7.485968788003156e-08 7.216589287943751e-08 7.174070918614739e-08
0.005 0.0 -0.01 0.10012999999999998 9.800000000000086e-09 -3.070000000000017e-08 1.0160000000000169e-07 0.00100133276686624 7.492502409401084e-08 7.228223785344055e-08 7.180098816630176e-08
0.01 0.0 -0.01 0.10007999999999999 1.8599999999999174e-08 -2.7800000000000047e-08 8.900000000000019e-08 0.0010008327832360408 7.497260749394947e-08 7.224059641712693e-08 7.17642596295024e-08
0.01 0.0 -0.005 0.10015 8.599999999998886e-09 -2.1899999999999696e-08 1.1039999999999939e-07 0.0010015327603228963 7.49488145015476e-08 7.218396356282367e-08 7.165589766987024e-08
0.01 0.0 0.0 0.10012 9.699999999999986e-09 -3.1000000000003247e-09 1.0529999999999706e-07 0.0010012319611358799 7.497823596829195e-08 7.23405400759996e-08 7.168880796688556e-08
0.01 0.0 0.005 0.1001 6.90000000000135e-09 1.3699999999999823e-08 1.0299999999999753e-07 0.001001032776686158 7.494367823677429e-08 7.232402557038361e-08 7.175536371729197e-08
0.01 0.0 0.01 0.09999999999999999 8.299999999999973e-09 2.4899999999999922e-08 1.0429999999999606e-07 0.0010000320194873762 7.497614339222105e-08 7.224412456375807e-08 7.172613171188293e-08
0.01 0.026000000000000002 0.01 0.10007999999999999 1.5600000000000335e-08 6.079999999999974e-08 2.0930000000000114e-07 0.0010008319739097068 7.490368109981278e-08 7.2199686513527e-08 7.163267811865476e-08
0.01 0.026000000000000002 0.005 0.10012 1.4100000000000224e-08 2.8000000000000247e-08 2.2119999999999917e-07 0.0010012319611358799 7.491767918830045e-08 7.217869038018394e-08 7.165257089386858e-08
0.01 0.026000000000000002 -0.0 0.10005 2.8300000000000548e-08 2.099999999999325e-09 2.1140000000000048e-07 0.0010005327930657747 7.493382315523591e-08 7.22226794414055e-08 7.166951282808074e-08
0.01 0.026000000000000002 -0.005 0.10007999999999999 2.299999999999941e-08 -4.0000000000001146e-08 2.1559999999999912e-07 0.0010008319739097068 7.48946824207558e-08 7.221968110075916e-08 7.163570460476205e-08
0.01 0.026000000000000002 -0.01 0.10007999999999999 2.1899999999999696e-08 -6.980000000000041e-08 2.0939999999999847e-07 0.0010008327832360408 7.488067811865476e-08 7.217674496569824e-08 7.16417989486226e-08
0.005 0.026000000000000002 -0.01 0.10010999999999999 1.880000000000076e-08 -6.889999999999951e-08 2.0660000000000123e-07 0.0010011319643283795 7.487913922558619e-08 7.227735357962298e-08 7.179330640204662e-08
0.005 0.026000000000000002 -0.005 0.10003 2.0299999999999484e-08 -4.539999999999822e-08 2.17700000000004e-07 0.0010003312001532292 7.495252983694949e-08 7.223125827109658e-08 7.171381420114805e-08
0.005 0.026000000000000002 0.0 0.10009 2.2900000000000698e-08 -5.399999999999849e-09 2.1400000000000308e-07 0.001000931970715293 7.486667811865476e-08 7.220469016679895e-08 7.165109504746878e-08
0.005 0.026000000000000002 0.005 0.10005 2.0399999999999584e-08 2.8400000000000648e-08 2.114999999999978e-07 0.0010005319834967795 7.486168112997623e-08 7.21607457032866e-08 7.168367863252923e-08
0.005 0.026000000000000002 0.01 0.10003999999999999 1.4300000000000424e-08 5.5800000000000295e-08 2.1789999999999866e-07 0.0010004327963436623 7.49247255792323e-08 7.224672499293952e-08 7.167714384489651e-08
-0.0 0.026000000000000002 0.01 0.10010999999999999 2.0499999999999684e-08 5.789999999999962e-08 2.1030000000000214e-07 0.0010011319643283795 7.482190299696049e-08 7.222191933037445e-08 7.173914980032616e-08
-0.0 0.026000000000000002 0.005 0.10003 1.8399999999998974e-08 2.31000000000009e-08 2.1880000000000233e-07 0.0010003312001532292 7.480813220625598e-08 7.232837153831128e-08 7.182734548183862e-08
-0.0 0.026000000000000002 -0.0 0.10002 1.4500000000000623e-08 -1.1099999999999998e-08 2.2380000000000178e-07 0.001000231993089603 7.490068002796219e-08 7.236968565329708e-08 7.187668497969803e-08
-0.0 0.026000000000000002 -0.005 0.10012 1.3900000000000024e-08 -3.969999999999807e-08 2.181000000000044e-07 0.0010012319611358799 7.48911991388148e-08 7.230752501175379e-08 7.174969688653146e-08
-0.0 0.026000000000000002 -0.01 0.10003999999999999 4.6999999999991496e-09 -7.830000000000059e-08 2.2579999999999822e-07 0.0010004327963436623 7.482078760624751e-08 7.221297768931303e-08 7.169179279085164e-08
-0.005 0.026000000000000002 -0.01 0.10013000000000001 1.1499999999999011e-08 -7.800000000000029e-08 2.0800000000000263e-07 0.0010013319579440178 7.489919814367553e-08 7.220441772112904e-08 7.171024802616498e-08
-0.005 0.026000000000000002 -0.005 0.10006999999999999 1.2800000000000311e-08 -4.0000000000001146e-08 2.1139999999999492e-07 0.001000732786511964 7.484874771690948e-08 7.218869029722434e-08 7.170184107195759e-08
-0.005 0.026000000000000002 0.0 0.10013999999999998 1.0899999999999798e-08 -1.7500000000000848e-08 2.2809999999999776e-07 0.0010014319547527928 7.481967921381158e-08 7.219671176564934e-08 7.166479027139153e-08
-0.005 0.026000000000000002 0.005 0.10004 2.299999999999941e-08 2.2600000000000398e-08 2.143000000000006e-07 0.0010004319866937482 7.480168801842278e-08 7.22287426759118e-08 7.167135288151678e-08
-0.005 0.026000000000000002 0.01 0.10006999999999999 2.1499999999999296e-08 5.389999999999839e-08 2.0919999999999827e-07 0.001000732786511964 7.478876100157903e-08 7.228283205513807e-08 7.166321578195212e-08
-0.01 0.026000000000000002 0.01 0.10006999999999998 2.1699999999999496e-08 4.4800000000000395e-08 2.124999999999988e-07 0.0010007319771047588 7.480967921648335e-08 7.224074216960164e-08 7.160699948959266e-08
-0.01 0.026000000000000002 0.005 0.10002 1.7599999999999562e-08 2.0400000000000973e-08 2.1399999999999752e-07 0.0010002328029014046 7.478870214997188e-08 7.231688856563859e-08 7.16624469981628e-08
-0.01 0.026000000000000002 -0.0 0.10004 1.5000000000001124e-08 -1.4300000000000424e-08 2.1500000000000408e-07 0.0010004319866937482 7.478267860981386e-08 7.224775131144682e-08 7.162510690210374e-08
-0.01 0.026000000000000002 -0.005 0.10015999999999999 1.8699999999999274e-08 -4.779999999999785e-08 2.0270000000000011e-07 0.001001631159659083 7.480938279208513e-08 7.241524199249463e-08 7.170771873969283e-08
-0.01 0.026000000000000002 -0.01 0.10011 6.000000000000449e-09 -7.409999999999916e-08 2.0229999999999971e-07 0.0010011319643283797 7.474967824244778e-08 7.23546829848276e-08 7.166568283068501e-08
-0.01 0.053 -0.01 0.10007999999999999 2.4999999999997246e-09 -2.208999999999989e-07 4.942000000000002e-07 0.0010008327832360408 7.482103284787217e-08 7.236946623050027e-08 7.171755050381586e-08
-0.01 0.053 -0.005 0.10006999999999999 2.339999999999981e-08 -1.2659999999999892e-07 5.022999999999999e-07 0.0010007311876822865 7.485303010756154e-08 7.23178227916696e-08 7.172567861126548e-08
-0.01 0.053 0.0 0.10006999999999999 3.3500000000000194e-08 -4.149999999999987e-08 5.166000000000004e-07 0.0010007311876822865 7.483908555978748e-08 7.227652357718507e-08 7.1705899702022e-08
-0.01 0.053 0.005 0.10004 4.4399999999999994e-08 5.0800000000000845e-08 5.153000000000019e-07 0.0010004327963436626 7.472772305243382e-08 7.222168639129921e-08 7.170037403154922e-08
-0.01 0.053 0.01 0.10011999999999997 5.6200000000000695e-08 1.445000000000002e-07 4.926999999999959e-07 0.0010012319611358796 7.469568125541638e-08 7.229571628854216e-08 7.172480434354e-08
-0.005 0.053 0.01 0.10017 4.170000000000007e-08 1.4480000000000048e-07 5.198000000000036e-07 0.0010017327537821651 7.474085727100022e-08 7.248015318205634e-08 7.186923756900679e-08
-0.005 0.053 0.005 0.10015999999999999 4.370000000000068e-08 5.760000000000209e-08 5.236999999999992e-07 0.001001632757052204 7.471960066717076e-08 7.228540984183811e-08 7.175277216431474e-08
-0.005 0.053 -0.0 0.10017 3.289999999999959e-08 -3.170000000000117e-08 5.292000000000019e-07 0.0010017319451829415 7.484167920797923e-08 7.21807121318667e-08 7.165770082165612e-08
-0.005 0.053 -0.005 0.10008999999999998 2.429999999999932e-08 -1.3110000000000066e-07 5.257000000000012e-07 0.0010009327799607721 7.480368117264824e-08 7.21976784549022e-08 7.167268643462713e-08
-0.005 0.053 -0.01 0.10007999999999999 1.789999999999986e-08 -2.135999999999999e-07 4.971000000000003e-07 0.0010008327832360408 7.488344506637662e-08 7.227518954398855e-08 7.172160343736035e-08
0.0 0.053 -0.01 0.10005 2.899999999999986e-08 -2.0979999999999887e-07 5.031999999999981e-07 0.0010005311939165116 7.481467860598416e-08 7.219175407889447e-08 7.16737772828118e-08
0.0 0.053 -0.005 0.10004 4.340000000000038e-08 -1.243999999999995e-07 5.153999999999992e-07 0.001000432006685112 7.482969280665965e-08 7.220969446279514e-08 7.169069648582958e-08
0.0 0.053 0.0 0.10005 4.149999999999987e-08 -2.4899999999999922e-08 5.264000000000046e-07 0.0010005319834967795 7.489587895015616e-08 7.230101707623581e-08 7.172450749285932e-08
0.0 0.053 0.005 0.10006000000000001 4.379999999999939e-08 6.530000000000146e-08 5.278999999999978e-07 0.00100063198030045 7.479767921970672e-08 7.226667811865476e-08 7.174968244973331e-08
0.0 0.053 0.01 0.10007999999999999 4.619999999999902e-08 1.5409999999999869e-07 5.135e-07 0.0010008319739097068 7.481077884912468e-08 7.23612646810622e-08 7.174434053937053e-08
0.005 0.053 0.01 0.10006000000000001 3.809999999999924e-08 1.6680000000000028e-07 5.083000000000004e-07 0.00100063198030045 7.491284993808338e-08 7.232584188744107e-08 7.175967859529907e-08
0.005 0.053 0.005 0.10006999999999999 4.080000000000056e-08 7.099999999999884e-08 5.26500000000002e-07 0.0010007311876822865 7.490024635416543e-08 7.229413888545638e-08 7.175546039262384e-08
0.005 0.053 -0.0 0.10016 4.070000000000046e-08 -2.1999999999999797e-08 5.332000000000004e-07 0.001001631948372255 7.483167823998453e-08 7.219272670085441e-08 7.170226069212002e-08
0.005 0.053 -0.005 0.10005999999999998 4.220000000000057e-08 -1.0989999999999889e-07 5.229999999999957e-07 0.0010006311907990876 7.491206479450357e-08 7.2281283734333e-08 7.169292452358583e-08
0.005 0.053 -0.01 0.10001 4.100000000000076e-08 -2.1039999999999948e-07 5.071000000000047e-07 0.001000132806181259 7.486773116137625e-08 7.215969502676867e-08 7.16459107100458e-08
0.01 0.053 -0.01 0.10011 4.089999999999927e-08 -1.9499999999999795e-07 5.118999999999984e-07 0.001001131984305766 7.483569278529535e-08 7.217773571806931e-08 7.167069686847166e-08
0.01 0.053 -0.005 0.10008999999999998 4.699999999999982e-08 -1.0489999999999944e-07 5.231999999999959e-07 0.001000931970715293 7.479868594643592e-08 7.21977349433928e-08 7.166820200869615e-08
0.01 0.053 0.0 0.10006999999999999 3.809999999999924e-08 -1.810000000000145e-08 5.363000000000007e-07 0.00100073199709013 7.476041020855897e-08 7.235321518064149e-08 7.179941316447628e-08
0.01 0.053 0.005 0.10006999999999999 2.5800000000000823e-08 7.929999999999881e-08 5.363000000000007e-07 0.001000731977104759 7.480506110025284e-08 7.230239919974906e-08 7.178158240942962e-08
0.01 0.053 0.01 0.10007999999999999 2.940000000000026e-08 1.678999999999986e-07 5.054000000000003e-07 0.0010008319739097068 7.476378186763528e-08 7.223382289181324e-08 7.168072966367698e-08
0.01 0.079 0.01 0.10006999999999999 6.429999999999907e-08 4.891000000000006e-07 1.2915000000000009e-06 0.001000731977104759 7.476069589639352e-08 7.233778905525373e-08 7.162168305826814e-08
0.01 0.079 0.005 0.10005 8.190000000000003e-08 2.380999999999994e-07 1.3446000000000013e-06 0.0010005319834967795 7.48130335396294e-08 7.237385159126668e-08 7.16772442053762e-08
0.01 0.079 -0.0 0.10009 1.0000000000000009e-07 -1.9700000000000272e-08 1.3595999999999997e-06 0.001000931181450553 7.484530506676024e-08 7.227232660663149e-08 7.16802398753263e-08
0.01 0.079 -0.005 0.10005 1.125000000000001e-07 -2.695000000000003e-07 1.3429999999999997e-06 0.0010005311939165116 7.487596634397603e-08 7.223863426985805e-08 7.168288385819758e-08
0.01 0.079 -0.01 0.10005999999999998 1.3149999999999966e-07 -5.276999999999976e-07 1.2878999999999974e-06 0.0010006311907990876 7.496767917573708e-08 7.22988040582452e-08 7.175248520252394e-08
0.005 0.079 -0.01 0.10006999999999999 1.013e-07 -5.45000000000001e-07 1.298100000000002e-06 0.001000731977104759 7.48731105805693e-08 7.225275464075086e-08 7.167977047751432e-08
0.005 0.079 -0.005 0.1001 1.0080000000000089e-07 -2.896999999999983e-07 1.3509999999999967e-06 0.0010010319675215172 7.482469561983289e-08 7.220678640350582e-08 7.166683396369259e-08
0.005 0.079 0.0 0.10007999999999999 9.580000000000005e-08 -3.9700000000000845e-08 1.3783999999999962e-06 0.0010008319739097068 7.476376805103968e-08 7.220872618196915e-08 7.171707764170711e-08
0.005 0.079 0.005 0.10004 8.729999999999988e-08 2.236999999999989e-07 1.3622000000000024e-06 0.0010004327963436626 7.480308914395512e-08 7.231438632153956e-08 7.173368251747228e-08
0.005 0.079 0.01 0.10007999999999999 8.729999999999988e-08 4.7649999999999916e-07 1.303399999999999e-06 0.0010008311845661085 7.474367824263195e-08 7.222271118707621e-08 7.167281116558746e-08
-0.0 0.079 0.01 0.10009 1.0649999999999965e-07 4.5489999999999977e-07 1.3087999999999988e-06 0.001000931181450553 7.473768420258361e-08 7.215377825378052e-08 7.172938710555927e-08
-0.0 0.079 0.005 0.10008 1.010999999999998e-07 2.0600000000000063e-07 1.3593999999999994e-06 0.0010008311845661085 7.474068605909359e-08 7.2194942246093e-08 7.167968276260648e-08
-0.0 0.079 -0.0 0.10005999999999998 9.079999999999921e-08 -5.479999999999929e-08 1.3763000000000026e-06 0.0010006319803004498 7.473070995932467e-08 7.218487349240954e-08 7.170768263218516e-08
-0.0 0.079 -0.005 0.10005 8.360000000000034e-08 -3.131999999999996e-07 1.3539000000000024e-06 0.0010005327930657747 7.475068009885229e-08 7.221069945183639e-08 7.168570324653609e-08
-0.0 0.079 -0.01 0.10010000000000001 7.88999999999998e-08 -5.58900000000001e-07 1.2844000000000023e-06 0.0010010319675215174 7.47096992488815e-08 7.218773532810875e-08 7.176470847874881e-08
-0.005 0.079 -0.01 0.10009 4.109999999999947e-08 -5.777999999999978e-07 1.2813999999999993e-06 0.001000931181450553 7.477210668505845e-08 7.22512507394682e-08 7.181347819119737e-08
-0.005 0.079 -0.005 0.10006000000000001 6.550000000000028e-08 -3.281000000000006e-07 1.3394000000000017e-06 0.0010006320002878184 7.470572329987612e-08 7.218968116124798e-08 7.17716785899082e-08
-0.005 0.079 0.0 0.10006999999999998 8.630000000000026e-08 -6.680000000000019e-08 1.3587000000000015e-06 0.0010007327865119637 7.485314211970534e-08 7.2251050151639e-08 7.171747303322276e-08
-0.005 0.079 0.005 0.10010999999999999 1.0700000000000015e-07 1.8070000000000031e-07 1.351199999999997e-06 0.0010011319843057657 7.485105684529319e-08 7.222743584485891e-08 7.171821868855753e-08
-0.005 0.079 0.01 0.10009 1.2929999999999886e-07 4.410000000000025e-07 1.2928999999999968e-06 0.0010009327799607724 7.485825210835043e-08 7.216456257073477e-08 7.166951282808074e-08
-0.01 0.079 0.01 0.1001 1.461000000000004e-07 4.160999999999998e-07 1.2689000000000007e-06 0.0010010319675215172 7.479468252609607e-08 7.206984036062589e-08 7.168973991445725e-08
-0.01 0.079 0.005 0.10005 1.1120000000000019e-07 1.59200000000001e-07 1.3266999999999974e-06 0.0010005320034861453 7.483103198695297e-08 7.214725460461017e-08 7.168605189316379e-08
-0.01 0.079 -0.0 0.10005 7.89999999999999e-08 -8.779999999999899e-08 1.3333999999999958e-06 0.0010005311939165116 7.485717205932319e-08 7.218449289670524e-08 7.170280714252211e-08
-0.01 0.079 -0.005 0.09998999999999998 4.219999999999918e-08 -3.4180000000000043e-07 1.3127e-06 0.0009999320226895426 7.472975587356322e-08 7.210570715061072e-08 7.168640348985303e-08
-0.01 0.079 -0.01 0.10016 5.600000000000049e-09 -5.871000000000015e-07 1.2540999999999968e-06 0.0010016327570522043 7.477870958362648e-08 7.204981291396104e-08 7.1613745115062e-08
-0.01 0.105 -0.01 0.10009 1.0430000000000023e-07 -1.4049000000000005e-06 3.3953999999999984e-06 0.0010009327799607724 7.479067860885081e-08 7.202067964537143e-08 7.162459824645587e-08
-0.01 0.105 -0.005 0.10010999999999999 1.570000000000002e-07 -7.873999999999992e-07 3.492099999999998e-06 0.0010011319643283795 7.481672682757189e-08 7.209685271083281e-08 7.16505727936051e-08
-0.01 0.105 0.0 0.10011 2.0529999999999994e-07 -1.6680000000000028e-07 3.5252000000000006e-06 0.0010011319643283797 7.479072713796813e-08 7.206069145192224e-08 7.163572190140237e-08
-0.01 0.105 0.005 0.10011 2.6449999999999944e-07 4.4189999999999784e-07 3.490700000000002e-06 0.0010011319643283797 7.479373212270614e-08 7.202809149341607e-08 7.166065180250079e-08
-0.01 0.105 0.01 0.10005 3.15e-07 1.0579999999999977e-06 3.408100000000003e-06 0.0010005319834967795 7.483625516920175e-08 7.208794279909929e-08 7.173194889567718e-08
-0.005 0.105 0.01 0.10000999999999999 2.833000000000002e-07 1.0958999999999997e-06 3.439499999999995e-06 0.001000132806181259 7.483308615280179e-08 7.209441002910563e-08 7.167417383737902e-08
-0.005 0.105 0.005 0.10005 2.555000000000002e-07 4.7630000000000174e-07 3.5268999999999996e-06 0.0010005319834967795 7.476597416210214e-08 7.207181073526491e-08 7.166576659623157e-08
-0.005 0.105 -0.0 0.10010999999999999 2.2589999999999971e-07 -1.2929999999999886e-07 3.5531000000000033e-06 0.0010011319643283795 7.482232620670899e-08 7.217267811865476e-08 7.177019215820308e-08
-0.005 0.105 -0.005 0.10005999999999998 2.032000000000006e-07 -7.368000000000014e-07 3.5091999999999956e-06 0.0010006311907990876 7.475101275826074e-08 7.213513310214845e-08 7.17938521582255e-08
-0.005 0.105 -0.01 0.10010999999999999 1.578999999999997e-07 -1.3602000000000003e-06 3.4424999999999984e-06 0.0010011319643283795 7.470067861990786e-08 7.208268394954615e-08 7.177568985567928e-08
0.0 0.105 -0.01 0.10010999999999999 2.002999999999991e-07 -1.3036999999999993e-06 3.464600000000001e-06 0.0010011319643283795 7.485996745539666e-08 7.209834450507478e-08 7.174210431572366e-08
0.0 0.105 -0.005 0.10006999999999999 2.2099999999999897e-07 -6.925000000000014e-07 3.542099999999998e-06 0.001000732786511964 7.489768397009561e-08 7.219370542791106e-08 7.177271860752512e-08
0.0 0.105 0.0 0.10006999999999999 2.2920000000000023e-07 -9.010000000000129e-08 3.5731000000000014e-06 0.0010007311876822865 7.482700657979582e-08 7.213135964524683e-08 7.172021761763437e-08
0.0 0.105 0.005 0.09999999999999999 2.478999999999995e-07 5.232000000000014e-07 3.5284999999999955e-06 0.0010000320194873762 7.478273754847648e-08 7.205967848929963e-08 7.167471131310399e-08
0.0 0.105 0.01 0.10017 2.404000000000003e-07 1.1239e-06 3.4700999999999983e-06 0.0010017311565485023 7.477776774146859e-08 7.205875081699117e-08 7.166590898080275e-08
0.005 0.105 0.01 0.10010999999999999 2.1419999999999913e-07 1.1638999999999983e-06 3.4485000000000043e-06 0.0010011319643283795 7.474576845221607e-08 7.205685789862472e-08 7.16937193181983e-08
0.005 0.105 0.005 0.10010999999999999 2.349000000000004e-07 5.623999999999991e-07 3.523100000000001e-06 0.0010011319643283795 7.48107737272961e-08 7.203568755258344e-08 7.168275218990653e-08
0.005 0.105 -0.0 0.10006999999999999 2.3979999999999975e-07 -4.780000000000062e-08 3.560199999999997e-06 0.001000731977104759 7.481368116520493e-08 7.20737841306729e-08 7.169269644842259e-08
0.005 0.105 -0.005 0.10010000000000001 2.4480000000000055e-07 -6.491999999999998e-07 3.5369999999999955e-06 0.0010010319675215174 7.483179471491845e-08 7.209622710732315e-08 7.170622520443222e-08
0.005 0.105 -0.01 0.10003 2.5200000000000083e-07 -1.2588000000000016e-06 3.458499999999998e-06 0.0010003320098847183 7.489678561846888e-08 7.211273945825442e-08 7.164995975905875e-08
0.01 0.105 -0.01 0.10006000000000001 2.916000000000002e-07 -1.2226000000000014e-06 3.438600000000003e-06 0.00100063198030045 7.483768405516612e-08 7.206867959140801e-08 7.160774556316492e-08
0.01 0.105 -0.005 0.10000999999999999 2.661999999999998e-07 -6.064999999999987e-07 3.5133999999999997e-06 0.0010001320162858502 7.482670921669083e-08 7.211372123987378e-08 7.165152879756189e-08
0.01 0.105 0.0 0.10006999999999999 2.3979999999999975e-07 -3.200000000000425e-09 3.5297999999999996e-06 0.001000732786511964 7.490598811911956e-08 7.210958411978564e-08 7.168688301518007e-08
0.01 0.105 0.005 0.10001999999999998 2.0509999999999974e-07 5.94699999999998e-07 3.5107e-06 0.001000231993089603 7.481781069503941e-08 7.209586908021926e-08 7.166767864112065e-08
0.01 0.105 0.01 0.10009 1.7719999999999958e-07 1.2057000000000012e-06 3.413700000000003e-06 0.0010009319906966706 7.488086996076467e-08 7.218938363362384e-08 7.166529322433872e-08
0.01 0.132 0.01 0.10007999999999999 4.863999999999994e-07 1.5051000000000008e-06 7.5468999999999955e-06 0.0010008327832360408 7.483770537807527e-08 7.222008396202493e-08 7.18035642060399e-08
0.01 0.132 0.005 0.10004 4.829999999999987e-07 7.675999999999988e-07 7.478299999999999e-06 0.0010004319866937482 7.478836790577687e-08 7.217208018516486e-08 7.174457269741992e-08
0.01 0.132 -0.0 0.10006999999999999 4.804000000000003e-07 4.4800000000000395e-08 7.463100000000006e-06 0.001000732786511964 7.473169316463506e-08 7.206668401834694e-08 7.169557405224368e-08
0.01 0.132 -0.005 0.10007999999999999 4.771999999999999e-07 -6.774000000000002e-07 7.492299999999996e-06 0.0010008319739097068 7.484689136267397e-08 7.218453699928072e-08 7.165799855018783e-08
0.01 0.132 -0.01 0.10004 4.718e-07 -1.4179999999999998e-06 7.5638999999999955e-06 0.0010004319866937482 7.491772102311866e-08 7.224768104643336e-08 7.171496493027782e-08
0.005 0.132 -0.01 0.10004 4.845000000000002e-07 -1.4568999999999998e-06 7.5823999999999945e-06 0.0010004319866937482 7.477170582109659e-08 7.204671554328028e-08 7.172334390755058e-08
0.005 0.132 -0.005 0.10005 4.861999999999992e-07 -7.156999999999997e-07 7.496699999999995e-06 0.0010005319834967795 7.478270955271811e-08 7.206101141084599e-08 7.164722496745624e-08
0.005 0.132 0.0 0.10006000000000001 4.793000000000005e-07 5.499999999999949e-09 7.464599999999999e-06 0.0010006311907990878 7.48066859311473e-08 7.203480046949701e-08 7.163203581249576e-08
0.005 0.132 0.005 0.10003 4.6970000000000067e-07 7.144999999999985e-07 7.488400000000001e-06 0.0010003327996222057 7.47817224564138e-08 7.203075235899127e-08 7.165365319785888e-08
0.005 0.132 0.01 0.10009 4.612000000000005e-07 1.4532000000000018e-06 7.5496000000000005e-06 0.001000931970715293 7.476367824202016e-08 7.206121282757563e-08 7.169752055795294e-08
-0.0 0.132 0.01 0.10003999999999999 4.390999999999992e-07 1.4068999999999998e-06 7.5685000000000055e-06 0.001000431986693748 7.476467861199464e-08 7.208183894073217e-08 7.164867811865476e-08
-0.0 0.132 0.005 0.10003999999999999 4.6790000000000027e-07 6.658999999999998e-07 7.499e-06 0.0010004311970345586 7.475581272704544e-08 7.206778459937026e-08 7.16571631951351e-08
-0.0 0.132 -0.0 0.10007999999999999 4.818000000000003e-07 -4.799999999999805e-08 7.4866999999999964e-06 0.0010008311845661085 7.476167922949143e-08 7.20758103466825e-08 7.167017903058762e-08
-0.0 0.132 -0.005 0.10008999999999998 4.987000000000005e-07 -7.66699999999998e-07 7.5168000000000015e-06 0.001000931970715293 7.476868600430506e-08 7.204267962015542e-08 7.166109066065954e-08
-0.0 0.132 -0.01 0.1001 5.211999999999995e-07 -1.5086000000000015e-06 7.595000000000002e-06 0.00100103117833562 7.482478749979668e-08 7.220471158548205e-08 7.180660238611122e-08
-0.005 0.132 -0.01 0.10007999999999999 5.574000000000009e-07 -1.5731999999999996e-06 7.623799999999997e-06 0.0010008327832360408 7.48061627053673e-08 7.216996630129724e-08 7.168367863252923e-08
-0.005 0.132 -0.005 0.1001 5.221000000000004e-07 -8.25300000000001e-07 7.546199999999997e-06 0.0010010319875008989 7.476775514528366e-08 7.212178052457716e-08 7.164889131404268e-08
-0.005 0.132 0.0 0.09999000000000001 4.860000000000003e-07 -9.610000000000174e-08 7.516299999999998e-06 0.000999932002688183 7.486868244765684e-08 7.215968122424149e-08 7.17498518288688e-08
-0.005 0.132 0.005 0.1001 4.5570000000000057e-07 6.312000000000012e-07 7.530099999999995e-06 0.0010010319675215172 7.477735145198263e-08 7.209834522570889e-08 7.177966829634583e-08
-0.005 0.132 0.01 0.10006999999999999 4.2169999999999987e-07 1.3657000000000003e-06 7.602700000000001e-06 0.001000731977104759 7.471068611864676e-08 7.206176138773924e-08 7.17085207916248e-08
-0.01 0.132 0.01 0.10006999999999999 4.050999999999999e-07 1.3468999999999995e-06 7.646199999999998e-06 0.001000732786511964 7.470767924449898e-08 7.206875028168586e-08 7.170513073190488e-08
-0.01 0.132 0.005 0.1001 4.51e-07 5.90199999999999e-07 7.5797000000000005e-06 0.0010010319675215172 7.485790104490311e-08 7.212445957276993e-08 7.166268021949277e-08
-0.01 0.132 -0.0 0.1001 4.935999999999996e-07 -1.576999999999995e-07 7.5689000000000005e-06 0.0010010319675215172 7.478569885479832e-08 7.208320425683938e-08 7.169216780275745e-08
-0.01 0.132 -0.005 0.10012999999999998 5.419000000000007e-07 -8.901999999999993e-07 7.593800000000001e-06 0.00100133276686624 7.479272711395112e-08 7.205174112985148e-08 7.164267060789488e-08
-0.01 0.132 -0.01 0.10012999999999998 5.917999999999993e-07 -1.6631000000000006e-06 7.679400000000003e-06 0.0010013319579440176 7.482019220185242e-08 7.212811030398145e-08 7.170514782658959e-08
-0.01 0.158 -0.01 0.10005 7.928000000000005e-07 -3.949000000000008e-07 1.0283199999999998e-05 0.0010005320034861453 7.482390288761645e-08 7.217603063596928e-08 7.170971865837274e-08
-0.01 0.158 -0.005 0.10004 7.228999999999999e-07 -1.9859999999999877e-07 1.01557e-05 0.0010004327963436626 7.482334392078358e-08 7.211130797696851e-08 7.165285007748181e-08
-0.01 0.158 0.0 0.10001 6.568000000000004e-07 8.199999999999873e-09 1.0111500000000006e-05 0.0010001320162858502 7.476974328196515e-08 7.207275006976454e-08 7.16407673616847e-08
-0.01 0.158 0.005 0.10006999999999999 6.012000000000004e-07 2.244999999999997e-07 1.0132699999999995e-05 0.0010007311876822865 7.47627274766957e-08 7.20656814396839e-08 7.163170471979068e-08
-0.01 0.158 0.01 0.10003 5.338999999999997e-07 4.1960000000000055e-07 1.0260999999999997e-05 0.0010003327996222057 7.48299025602214e-08 7.208573884458652e-08 7.164329808412837e-08
-0.005 0.158 0.01 0.10005 5.596000000000003e-07 4.4840000000000155e-07 1.02082e-05 0.0010005319834967795 7.478118128165562e-08 7.201707009658482e-08 7.170652248400509e-08
-0.005 0.158 0.005 0.10003999999999999 6.024000000000002e-07 2.4329999999999906e-07 1.0085999999999995e-05 0.0010004327963436623 7.48366786033857e-08 7.200094010755469e-08 7.16936206398634e-08
-0.005 0.158 -0.0 0.10010999999999999 6.441000000000002e-07 1.6200000000002322e-08 1.0056000000000003e-05 0.0010011319643283795 7.492870846468121e-08 7.216380233908466e-08 7.17304241654723e-08
-0.005 0.158 -0.005 0.10006000000000001 6.880999999999998e-07 -1.9480000000000053e-07 1.0098899999999999e-05 0.0010006327897885419 7.484698033198492e-08 7.203378733561305e-08 7.165143738648048e-08
-0.005 0.158 -0.01 0.10006999999999999 7.320999999999994e-07 -4.0120000000000155e-07 1.0225999999999997e-05 0.001000732786511964 7.485871717343714e-08 7.202475269796903e-08 7.163120514161498e-08
0.0 0.158 -0.01 0.10005999999999998 6.803000000000004e-07 -4.068999999999989e-07 1.0188999999999999e-05 0.0010006327897885416 7.501070788599358e-08 7.213676787740067e-08 7.17843866452112e-08
0.0 0.158 -0.005 0.10009 6.580999999999989e-07 -1.8610000000000016e-07 1.0061400000000003e-05 0.0010009327799607724 7.485239394666613e-08 7.221041476220255e-08 7.178951916348018e-08
0.0 0.158 0.0 0.10007999999999999 6.352999999999998e-07 3.4500000000001196e-08 1.00209e-05 0.0010008319739097068 7.478372243464249e-08 7.209170744491833e-08 7.171209811046638e-08
0.0 0.158 0.005 0.10003 6.123000000000004e-07 2.5570000000000036e-07 1.0061300000000006e-05 0.0010003312001532292 7.476030057019267e-08 7.218390043724758e-08 7.181703249226206e-08
0.0 0.158 0.01 0.10006999999999999 5.98499999999999e-07 4.7649999999999916e-07 1.0165600000000003e-05 0.001000732786511964 7.492302425827814e-08 7.214644759875942e-08 7.178076970352028e-08
0.005 0.158 0.01 0.10005 6.348000000000007e-07 4.905999999999994e-07 1.01655e-05 0.0010005319834967795 7.484274781797011e-08 7.200268431059039e-08 7.165515469327162e-08
0.005 0.158 0.005 0.10006000000000001 6.324999999999998e-07 2.713000000000021e-07 1.0047299999999998e-05 0.0010006320002878184 7.483280232833112e-08 7.201178918232303e-08 7.167672677167385e-08
0.005 0.158 -0.0 0.1001 6.315000000000001e-07 5.269999999999997e-08 1.0004599999999997e-05 0.0010010319675215172 7.491176488281472e-08 7.208112695024242e-08 7.172478856628855e-08
0.005 0.158 -0.005 0.10006999999999998 6.360999999999992e-07 -1.796999999999993e-07 1.00518e-05 0.0010007327865119637 7.488277207732827e-08 7.199467967628621e-08 7.162146349403141e-08
0.005 0.158 -0.01 0.10007999999999999 6.333999999999992e-07 -3.94899999999998e-07 1.0169700000000004e-05 0.0010008327832360408 7.485172170693054e-08 7.201568156692607e-08 7.162094401387439e-08
0.01 0.158 -0.01 0.10001 5.916000000000005e-07 -3.7830000000000084e-07 1.0176200000000003e-05 0.001000132806181259 7.490998782383251e-08 7.209477132360882e-08 7.167481088959452e-08
0.01 0.158 -0.005 0.10009 6.116999999999998e-07 -1.6780000000000128e-07 1.00636e-05 0.0010009327799607724 7.48928507597589e-08 7.209077231833825e-08 7.170159385674756e-08
0.01 0.158 0.0 0.10006999999999999 6.378999999999995e-07 6.430000000000046e-08 1.0014900000000005e-05 0.001000732786511964 7.483267811865476e-08 7.210085220847229e-08 7.163930075460544e-08
0.01 0.158 0.005 0.10006999999999999 6.567000000000003e-07 2.8849999999999986e-07 1.0059400000000002e-05 0.001000731977104759 7.48297802052751e-08 7.209570736022332e-08 7.161494577814502e-08
0.01 0.158 0.01 0.10007999999999999 6.780000000000009e-07 5.055000000000004e-07 1.0185299999999997e-05 0.0010008303952218876 7.495377722190464e-08 7.22266794379154e-08 7.174274885266478e-08
0.01 0.185 0.01 0.1001 6.41399999999999e-07 -2.5909999999999824e-07 1.00918e-05 0.0010010319675215172 7.48936038889739e-08 7.214011157285961e-08 7.168690862422196e-08
0.01 0.185 0.005 0.10010999999999999 6.310999999999998e-07 -1.0550000000000004e-07 1.00489e-05 0.0010011311752213092 7.488671691157803e-08 7.19956878462444e-08 7.16026803608044e-08
0.01 0.185 -0.0 0.10006999999999999 6.184000000000009e-07 5.0599999999997866e-08 1.0033599999999998e-05 0.001000731977104759 7.491086859052624e-08 7.211727472038533e-08 7.167011649604019e-08
0.01 0.185 -0.005 0.10008999999999998 6.168999999999994e-07 2.0419999999999882e-07 1.0038200000000003e-05 0.0010009327799607721 7.49757044960644e-08 7.215894881158478e-08 7.169769078321383e-08
0.01 0.185 -0.01 0.10013000000000001 6.08199999999999e-07 3.6509999999999874e-07 1.0084199999999999e-05 0.0010013319579440178 7.489889611680146e-08 7.213765043793779e-08 7.167906853579033e-08
0.005 0.185 -0.01 0.10006999999999999 6.235999999999992e-07 3.7590000000000124e-07 1.0071399999999996e-05 0.001000731977104759 7.481171335381186e-08 7.208677113876641e-08 7.169153182844027e-08
0.005 0.185 -0.005 0.10002 6.258e-07 2.131999999999995e-07 1.0027100000000006e-05 0.0010002328029014046 7.478176765341077e-08 7.216180251029042e-08 7.176270853646595e-08
0.005 0.185 0.0 0.10009 6.245e-07 6.099999999999994e-08 1.0015699999999995e-05 0.001000931970715293 7.478252413735438e-08 7.218230646847681e-08 7.17126322094194e-08
0.005 0.185 0.005 0.10002 6.339999999999999e-07 -8.559999999999956e-08 1.0023699999999997e-05 0.0010002328029014046 7.477769299445741e-08 7.214668368967459e-08 7.156943303130446e-08
0.005 0.185 0.01 0.10007999999999999 6.31000000000001e-07 -2.5220000000000243e-07 1.0086200000000007e-05 0.0010008311845661085 7.482175413351996e-08 7.217121569092053e-08 7.163830304285634e-08
-0.0 0.185 0.01 0.10001999999999998 6.259000000000001e-07 -2.418000000000003e-07 1.0080999999999995e-05 0.001000231993089603 7.482576669607324e-08 7.222060858062975e-08 7.170698429649368e-08
-0.0 0.185 0.005 0.09999000000000001 6.219000000000002e-07 -7.830000000000059e-08 1.0033500000000001e-05 0.000999932002688183 7.475386621717305e-08 7.216768669790197e-08 7.173677363077826e-08
-0.0 0.185 -0.0 0.10001 6.241999999999998e-07 6.720000000000059e-08 1.0021699999999994e-05 0.0010001312063924414 7.480873717142596e-08 7.209668389064852e-08 7.160718021011913e-08
-0.0 0.185 -0.005 0.10010000000000001 6.332000000000005e-07 2.267000000000019e-07 1.0026399999999996e-05 0.001001031987500899 7.485599185828894e-08 7.218730264777514e-08 7.172291722084357e-08
-0.0 0.185 -0.01 0.10005 6.312999999999999e-07 3.881999999999997e-07 1.0076800000000003e-05 0.0010005319834967795 7.484239567918573e-08 7.216333430647072e-08 7.170173916621944e-08
-0.005 0.185 -0.01 0.10009 6.463999999999998e-07 4.052e-07 1.0083999999999999e-05 0.001000931970715293 7.478880366846315e-08 7.210369570648342e-08 7.163867488589051e-08
-0.005 0.185 -0.005 0.10009 6.402000000000005e-07 2.446000000000004e-07 1.0027999999999998e-05 0.001000931970715293 7.476771373594973e-08 7.210071408941235e-08 7.16288175416184e-08
-0.005 0.185 0.0 0.10005 6.337999999999997e-07 8.039999999999991e-08 1.0016900000000006e-05 0.0010005319834967795 7.486409719214108e-08 7.219558889038483e-08 7.17036786221793e-08
-0.005 0.185 0.005 0.10012 6.234000000000004e-07 -7.379999999999886e-08 1.0037200000000001e-05 0.0010012327701388924 7.478485533620434e-08 7.209368137244702e-08 7.16042160305533e-08
-0.005 0.185 0.01 0.10009 6.129999999999997e-07 -2.3340000000000028e-07 1.0086600000000006e-05 0.001000931181450553 7.478370573947934e-08 7.213679171861796e-08 7.162155681529883e-08
-0.01 0.185 0.01 0.10004 6.149000000000001e-07 -2.409000000000022e-07 1.0095300000000001e-05 0.001000432006685112 7.477968413978572e-08 7.232707905901578e-08 7.177225524727048e-08
-0.01 0.185 0.005 0.10006999999999999 6.264000000000006e-07 -6.390000000000006e-08 1.0043199999999997e-05 0.001000731977104759 7.483428940004393e-08 7.220576674479034e-08 7.162299494958576e-08
-0.01 0.185 -0.0 0.10005 6.341e-07 9.570000000000134e-08 1.0029399999999994e-05 0.0010005328330444734 7.475173268398792e-08 7.214172039615742e-08 7.158167869270738e-08
-0.01 0.185 -0.005 0.10005999999999998 6.552999999999989e-07 2.5600000000000065e-07 1.0035899999999998e-05 0.0010006311907990876 7.480594782894248e-08 7.217340160585252e-08 7.162772228334913e-08
-0.01 0.185 -0.01 0.10005 6.638999999999992e-07 4.3600000000000025e-07 1.0084599999999998e-05 0.0010005319834967795 7.475981259407046e-08 7.217903025625664e-08 7.170176338239345e-08
-0.01 0.21100000000000002 -0.01 0.1001 5.476999999999995e-07 6.041999999999992e-07 8.868700000000007e-06 0.001001032776686158 7.466772373375701e-08 7.21086795492692e-08 7.169913347930591e-08
-0.01 0.21100000000000002 -0.005 0.10003 5.544000000000007e-07 3.5530000000000006e-07 8.857899999999997e-06 0.0010003319898913559 7.469477651101407e-08 7.212769540859868e-08 7.150170909149969e-08
-0.01 0.21100000000000002 0.0 0.10007999999999999 5.668999999999994e-07 9.810000000000096e-08 8.861900000000006e-06 0.0010008319739097068 7.468272847080288e-08 7.211668380854368e-08 7.151479999996381e-08
-0.01 0.21100000000000002 0.005 0.1001 5.768999999999996e-07 -1.5389999999999849e-07 8.8702e-06 0.00100103117833562 7.469431088285379e-08 7.221092076569556e-08 7.164183331517143e-08
-0.01 0.21100000000000002 0.01 0.10013000000000001 5.847000000000005e-07 -4.042999999999991e-07 8.884500000000001e-06 0.0010013319779174138 7.470072824365319e-08 7.210295969937039e-08 7.15351658383935e-08
-0.005 0.21100000000000002 0.01 0.10005 5.736999999999992e-07 -4.2340000000000153e-07 8.893500000000004e-06 0.0010005319834967795 7.474605294635045e-08 7.221126533704627e-08 7.156276379509816e-08
-0.005 0.21100000000000002 0.005 0.10005999999999998 5.681999999999993e-07 -1.687000000000022e-07 8.878500000000007e-06 0.0010006311907990876 7.481171335381186e-08 7.232020040803133e-08 7.167843531960962e-08
-0.005 0.21100000000000002 -0.0 0.10006999999999999 5.623000000000003e-07 8.809999999999929e-08 8.8669e-06 0.001000731977104759 7.473061966051827e-08 7.229740430801448e-08 7.163611963490525e-08
-0.005 0.21100000000000002 -0.005 0.10006000000000001 5.56100000000001e-07 3.3040000000000015e-07 8.87e-06 0.0010006327897885419 7.4828935031476e-08 7.213010969502609e-08 7.172603421382531e-08
-0.005 0.21100000000000002 -0.01 0.10008999999999998 5.560999999999996e-07 5.948000000000009e-07 8.8627e-06 0.0010009327799607721 7.481471759214913e-08 7.210372513867957e-08 7.169719725176876e-08
0.0 0.21100000000000002 -0.01 0.10006999999999999 5.540000000000003e-07 5.767999999999995e-07 8.870299999999997e-06 0.001000732786511964 7.485965437792643e-08 7.213621170296626e-08 7.174677560441562e-08
0.0 0.21100000000000002 -0.005 0.10005 5.544999999999994e-07 3.116999999999981e-07 8.876400000000007e-06 0.0010005327930657747 7.479668252393873e-08 7.205101389748035e-08 7.167429733805628e-08
0.0 0.21100000000000002 0.0 0.09999999999999999 5.600999999999995e-07 6.819999999999881e-08 8.874199999999999e-06 0.0010000319994880164 7.480572219656162e-08 7.205376188372677e-08 7.168711756890244e-08
0.0 0.21100000000000002 0.005 0.1001 5.618999999999999e-07 -1.8410000000000094e-07 8.885099999999996e-06 0.001001032776686158 7.486204247269549e-08 7.212970595488631e-08 7.170261057603278e-08
0.0 0.21100000000000002 0.01 0.10007999999999999 5.634e-07 -4.377999999999993e-07 8.903600000000006e-06 0.0010008327832360408 7.484632244572159e-08 7.216194032790573e-08 7.167971991341905e-08
0.005 0.21100000000000002 0.01 0.10005 5.588999999999996e-07 -4.524e-07 8.902799999999994e-06 0.0010005311939165116 7.481972204638296e-08 7.206394749316968e-08 7.163875139162409e-08
0.005 0.21100000000000002 0.005 0.10009 5.565000000000001e-07 -2.0120000000000138e-07 8.889900000000001e-06 0.001000931970715293 7.486799095268589e-08 7.214244974848962e-08 7.16958897710422e-08
0.005 0.21100000000000002 -0.0 0.10011 5.553000000000002e-07 4.819999999999824e-08 8.882e-06 0.0010011327734121985 7.497367096406278e-08 7.217095275035936e-08 7.173166195790002e-08
0.005 0.21100000000000002 -0.005 0.09999000000000001 5.539000000000002e-07 3.048000000000023e-07 8.874999999999999e-06 0.0009999328127429364 7.486396717673872e-08 7.221483901430389e-08 7.174368247488952e-08
0.005 0.21100000000000002 -0.01 0.10012999999999998 5.515000000000006e-07 5.508000000000013e-07 8.883600000000002e-06 0.0010013311689945539 7.485483448636098e-08 7.217081509853028e-08 7.169270153996404e-08
0.01 0.21100000000000002 -0.01 0.10003999999999999 5.537e-07 5.381999999999998e-07 8.882400000000002e-06 0.001000431986693748 7.489071280750604e-08 7.218385767322372e-08 7.170052356113555e-08
0.01 0.21100000000000002 -0.005 0.10006000000000001 5.535999999999999e-07 2.881999999999996e-07 8.878599999999998e-06 0.00100063198030045 7.480868592733448e-08 7.211088381782899e-08 7.162391959822081e-08
0.01 0.21100000000000002 0.0 0.10006999999999998 5.529000000000006e-07 2.649999999999875e-08 8.887600000000006e-06 0.0010007319771047588 7.480172223965858e-08 7.213267952512382e-08 7.161485730443598e-08
0.01 0.21100000000000002 0.005 0.10005 5.518999999999996e-07 -2.1950000000000024e-07 8.892299999999998e-06 0.0010005320034861453 7.488295423607556e-08 7.220045998188173e-08 7.165721919013554e-08
0.01 0.21100000000000002 0.01 0.10007999999999999 5.514000000000005e-07 -4.640000000000005e-07 8.906500000000005e-06 0.0010008319739097068 7.486239222249187e-08 7.219952330872658e-08 7.165857895735045e-08
0.01 0.237 0.01 0.10007999999999999 4.604999999999998e-07 -4.545999999999994e-07 7.588800000000001e-06 0.0010008335925617204 7.478673749015562e-08 7.214172039615742e-08 7.160587977191507e-08
0.01 0.237 0.005 0.10006999999999999 4.700999999999997e-07 -2.2179999999999978e-07 7.5784999999999995e-06 0.001000731977104759 7.479885472932118e-08 7.210373877777912e-08 7.167967760265875e-08
0.01 0.237 -0.0 0.10006999999999999 4.613999999999993e-07 9.5999999999985e-09 7.595100000000005e-06 0.001000731977104759 7.488705358070316e-08 7.21634141579957e-08 7.174009542956419e-08
0.01 0.237 -0.005 0.10011 4.697999999999994e-07 2.5199999999999945e-07 7.5796999999999945e-06 0.0010011327734121985 7.487516992438568e-08 7.217103766342447e-08 7.168176513844237e-08
0.01 0.237 -0.01 0.09998999999999998 4.730999999999999e-07 4.834999999999978e-07 7.569100000000001e-06 0.000999931212634149 7.47967177660395e-08 7.216268362828618e-08 7.167666983704576e-08
0.005 0.237 -0.01 0.10006000000000001 4.6339999999999993e-07 5.015999999999993e-07 7.575399999999999e-06 0.0010006320002878184 7.478169887517271e-08 7.214876712841736e-08 7.166631926469232e-08
0.005 0.237 -0.005 0.10003999999999999 4.705999999999988e-07 2.7189999999999994e-07 7.5769999999999945e-06 0.001000432006685112 7.48760681364082e-08 7.221812364005844e-08 7.170947940019178e-08
0.005 0.237 0.0 0.1001 4.588999999999996e-07 2.4400000000002197e-08 7.601800000000003e-06 0.0010010319875008989 7.480278808785158e-08 7.212903914462805e-08 7.167174523389697e-08
0.005 0.237 0.005 0.10000999999999999 4.6729999999999964e-07 -2.0749999999999936e-07 7.593700000000003e-06 0.0010001312063924411 7.478181186737881e-08 7.21167136800827e-08 7.179291284365669e-08
0.005 0.237 0.01 0.10003 4.6600000000000113e-07 -4.403999999999991e-07 7.591199999999998e-06 0.0010003327996222057 7.490970491066264e-08 7.221429309596777e-08 7.173181963676084e-08
-0.0 0.237 0.01 0.10006000000000001 4.820999999999992e-07 -4.289000000000015e-07 7.588399999999995e-06 0.00100063198030045 7.47844441895037e-08 7.217929992157068e-08 7.17368028674061e-08
-0.0 0.237 0.005 0.10017 4.7579999999999985e-07 -1.8699999999999827e-07 7.588399999999995e-06 0.0010017327537821651 7.47307024966903e-08 7.207572244027952e-08 7.173307725793452e-08
-0.0 0.237 -0.0 0.10008 4.698000000000008e-07 5.0700000000000745e-08 7.588500000000004e-06 0.001000832783236041 7.486368787062982e-08 7.214682365445536e-08 7.174895553823009e-08
-0.0 0.237 -0.005 0.10005 4.7610000000000014e-07 2.821999999999991e-07 7.569799999999999e-06 0.0010005319834967795 7.488631627347612e-08 7.218530620736051e-08 7.16821110808297e-08
-0.0 0.237 -0.01 0.1001 4.6599999999999975e-07 5.210999999999993e-07 7.5627e-06 0.00100103117833562 7.481968408117172e-08 7.210393975955355e-08 7.162473282161296e-08
-0.005 0.237 -0.01 0.1001 4.593999999999987e-07 5.390000000000006e-07 7.560499999999992e-06 0.0010010319675215172 7.4745688155817e-08 7.213568689055758e-08 7.167149131589967e-08
-0.005 0.237 -0.005 0.10006999999999998 4.6390000000000044e-07 3.019999999999995e-07 7.575999999999999e-06 0.0010007319970901298 7.484186221041344e-08 7.221151122063513e-08 7.170042151974415e-08
-0.005 0.237 0.0 0.10002 4.777000000000003e-07 7.209999999999994e-08 7.570899999999997e-06 0.00100023041345482 7.483903130122042e-08 7.216408790257669e-08 7.166171965297384e-08
-0.005 0.237 0.005 0.10006999999999999 4.854999999999998e-07 -1.7290000000000084e-07 7.580600000000004e-06 0.001000731977104759 7.477870958362648e-08 7.21197068621515e-08 7.163974324016132e-08
-0.005 0.237 0.01 0.10002 4.91599999999999e-07 -4.059000000000007e-07 7.580399999999999e-06 0.0010002328029014046 7.482776665304408e-08 7.214858284428856e-08 7.169875301460142e-08
-0.01 0.237 0.01 0.09999999999999999 5.065e-07 -3.810999999999981e-07 7.5638999999999955e-06 0.0010000328094617696 7.477382886653502e-08 7.213669074131979e-08 7.167454740439842e-08
-0.01 0.237 0.005 0.09999999999999999 4.924999999999998e-07 -1.5219999999999955e-07 7.570300000000002e-06 0.0010000328094617696 7.475969898795143e-08 7.209775922659329e-08 7.16391004363529e-08
-0.01 0.237 -0.0 0.10008 4.719000000000001e-07 8.939999999999781e-08 7.567799999999996e-06 0.0010008319739097068 7.481272687506904e-08 7.21548837826791e-08 7.167771999985743e-08
-0.01 0.237 -0.005 0.10005 4.612999999999992e-07 3.233999999999987e-07 7.561000000000007e-06 0.0010005319834967795 7.489176529784631e-08 7.223567844652358e-08 7.176639872563371e-08
-0.01 0.237 -0.01 0.10007999999999999 4.486999999999991e-07 5.563999999999986e-07 7.556600000000002e-06 0.0010008319739097068 7.479181153965437e-08 7.217256799138799e-08 7.169713440253154e-08
-0.01 0.264 -0.01 0.10005 3.6360000000000005e-07 4.5850000000000057e-07 6.407499999999999e-06 0.0010005320034861453 7.473568122424362e-08 7.212467811865476e-08 7.16297047776805e-08
-0.01 0.264 -0.005 0.10005 3.721999999999989e-07 2.600999999999992e-07 6.417699999999999e-06 0.0010005327930657747 7.477498568575644e-08 7.22289857291211e-08 7.173515554641976e-08
-0.01 0.264 0.0 0.10003999999999999 3.83399999999999e-07 7.510000000000016e-08 6.414799999999998e-06 0.0010004311970345586 7.481698253990752e-08 7.223979616511161e-08 7.176171665267718e-08
-0.01 0.264 0.005 0.10005 3.9760000000000075e-07 -1.1780000000000124e-07 6.411799999999995e-06 0.0010005327930657747 7.465686108450923e-08 7.22009411826807e-08 7.178676919286734e-08
-0.01 0.264 0.01 0.10007999999999999 4.1080000000000005e-07 -3.0960000000000155e-07 6.408399999999998e-06 0.0010008319739097068 7.46497848701912e-08 7.213723901816098e-08 7.180452362877033e-08
-0.005 0.264 0.01 0.10004 4.053000000000001e-07 -3.2110000000000194e-07 6.4114e-06 0.0010004319866937482 7.478569296525348e-08 7.219085445950067e-08 7.175807680110572e-08
-0.005 0.264 0.005 0.10010999999999999 3.969e-07 -1.337000000000005e-07 6.4216e-06 0.0010011311752213092 7.47727889000097e-08 7.21197210562546e-08 7.168229326880424e-08
-0.005 0.264 -0.0 0.10005999999999998 3.8689999999999974e-07 5.840000000000012e-08 6.4253e-06 0.0010006327897885416 7.468788945324587e-08 7.209372186344376e-08 7.174589114021119e-08
-0.005 0.264 -0.005 0.10005 3.8009999999999986e-07 2.554999999999974e-07 6.4232000000000015e-06 0.0010005319834967795 7.48610294290862e-08 7.236234697166374e-08 7.179903835313598e-08
-0.005 0.264 -0.01 0.10006000000000001 3.723000000000004e-07 4.350999999999994e-07 6.4191e-06 0.00100063198030045 7.475683827366592e-08 7.239168079563062e-08 7.18217469734068e-08
0.0 0.264 -0.01 0.10007999999999999 3.806000000000004e-07 4.264999999999991e-07 6.420200000000003e-06 0.0010008319938930809 7.46376996362938e-08 7.228567843611504e-08 7.167288599640259e-08
0.0 0.264 -0.005 0.10004 3.811999999999996e-07 2.3910000000000044e-07 6.4278000000000005e-06 0.0010004319866937482 7.468372355005873e-08 7.231945529402741e-08 7.170393740001083e-08
0.0 0.264 0.0 0.10012999999999998 3.8580000000000003e-07 3.9800000000000945e-08 6.4363000000000005e-06 0.0010013319579440176 7.480571340543802e-08 7.240983379133458e-08 7.181630735126396e-08
0.0 0.264 0.005 0.10007999999999999 3.9020000000000025e-07 -1.4600000000000168e-07 6.430599999999997e-06 0.0010008311845661085 7.47356844540535e-08 7.2352104327779e-08 7.177099693863297e-08
0.0 0.264 0.01 0.10007999999999999 3.9460000000000053e-07 -3.3999999999999865e-07 6.4240000000000015e-06 0.0010008319938930809 7.463071077157999e-08 7.233270894450241e-08 7.168405266116139e-08
0.005 0.264 0.01 0.10005999999999998 3.8409999999999974e-07 -3.558000000000006e-07 6.4332e-06 0.0010006319803004498 7.469867134833807e-08 7.242931536950207e-08 7.17880165056066e-08
0.005 0.264 0.005 0.10007999999999999 3.7649999999999906e-07 -1.5929999999999834e-07 6.4436e-06 0.0010008319739097068 7.470608473125378e-08 7.231787443522594e-08 7.168471097231012e-08
0.005 0.264 -0.0 0.10005 3.8769999999999916e-07 2.8800000000001045e-08 6.435300000000005e-06 0.0010005311939165116 7.463670308036858e-08 7.227475995794579e-08 7.168995540318657e-08
0.005 0.264 -0.005 0.10003 3.865000000000007e-07 2.2020000000000095e-07 6.433699999999997e-06 0.0010003327996222057 7.463469646723571e-08 7.227179374537816e-08 7.166903087208117e-08
0.005 0.264 -0.01 0.10003 3.8630000000000054e-07 4.165000000000002e-07 6.4212999999999964e-06 0.0010003319898913559 7.466368128080882e-08 7.22396941421156e-08 7.164812678391596e-08
0.01 0.264 -0.01 0.09998999999999998 3.9049999999999916e-07 3.9840000000000156e-07 6.423599999999996e-06 0.0009999320026881826 7.47011292209739e-08 7.233401357382107e-08 7.172093056235385e-08
0.01 0.264 -0.005 0.10009 3.8750000000000037e-07 2.0740000000000203e-07 6.433499999999998e-06 0.001000931181450553 7.456569381252683e-08 7.229673990811946e-08 7.176281974410259e-08
0.01 0.264 0.0 0.10008 3.950999999999996e-07 2.0200000000000773e-08 6.420399999999999e-06 0.0010008319739097068 7.458070344156932e-08 7.230771600173706e-08 7.174588631027613e-08
0.01 0.264 0.005 0.10009 3.819000000000003e-07 -1.787000000000011e-07 6.435299999999999e-06 0.001000931181450553 7.467649404983462e-08 7.237362129266883e-08 7.18001192597909e-08
0.01 0.264 0.01 0.10007999999999999 3.7729999999999986e-07 -3.628999999999993e-07 6.427e-06 0.0010008319739097068 7.459305368008619e-08 7.233073861135248e-08 7.173308410455273e-08
0.01 0.29 0.01 0.10013000000000001 3.256999999999996e-07 -2.945000000000003e-07 5.535800000000002e-06 0.0010013327668662402 7.461470322103307e-08 7.233067935322219e-08 7.171477572347214e-08
0.01 0.29 0.005 0.10006999999999999 3.258999999999998e-07 -1.3669999999999794e-07 5.535699999999999e-06 0.001000732786511964 7.468817708157103e-08 7.231667189199262e-08 7.176449499079147e-08
0.01 0.29 -0.0 0.10005999999999998 3.250000000000003e-07 2.0300000000000873e-08 5.5407000000000036e-06 0.0010006319803004498 7.471266787376409e-08 7.230205802301449e-08 7.170333112953016e-08
0.01 0.29 -0.005 0.10003999999999999 3.261999999999987e-07 1.7380000000000173e-07 5.541999999999997e-06 0.001000432006685112 7.463374554096603e-08 7.225168623024925e-08 7.171778983043255e-08
0.01 0.29 -0.01 0.10005999999999998 3.208000000000002e-07 3.345999999999988e-07 5.5421999999999975e-06 0.001000632000287818 7.471217408891388e-08 7.232802532936741e-08 7.173095357165753e-08
0.005 0.29 -0.01 0.10000999999999999 3.261e-07 3.4399999999999985e-07 5.5322000000000035e-06 0.0010001319962884899 7.471983089698586e-08 7.231574821058221e-08 7.177047904335713e-08
0.005 0.29 -0.005 0.10013999999999998 3.263000000000002e-07 1.8640000000000045e-07 5.538199999999999e-06 0.0010014319547527928 7.460882639700436e-08 7.225627638469934e-08 7.1727317681135e-08
0.005 0.29 0.0 0.10006999999999998 3.261e-07 3.4500000000001196e-08 5.538199999999999e-06 0.0010007311876822865 7.389168204823422e-08 7.221483901430389e-08 7.144242260958038e-08
0.005 0.29 0.005 0.10007999999999999 3.3089999999999924e-07 -1.3050000000000006e-07 5.535699999999999e-06 0.0010008327832360408 7.39136820212437e-08 7.222880986524331e-08 7.144107253265312e-08
0.005 0.29 0.01 0.10008999999999998 3.296999999999994e-07 -2.8229999999999924e-07 5.530000000000001e-06 0.0010009327799607721 7.389940325575892e-08 7.229877446333918e-08 7.147096359135563e-08
-0.0 0.29 0.01 0.10006999999999998 3.3510000000000066e-07 -2.6659999999999737e-07 5.524100000000004e-06 0.0010007319771047588 7.382468389899621e-08 7.2281793009425e-08 7.140324436097386e-08
-0.0 0.29 0.005 0.10013000000000001 3.2890000000000004e-07 -1.1969999999999758e-07 5.536499999999999e-06 0.0010013319579440178 7.383370517585423e-08 7.226472445001042e-08 7.142779038322705e-08
-0.0 0.29 -0.0 0.10006000000000001 3.263000000000002e-07 4.250000000000087e-08 5.533699999999997e-06 0.0010006327897885419 7.38779435006523e-08 7.227806894419892e-08 7.143268919890214e-08
-0.0 0.29 -0.005 0.10003 3.2879999999999993e-07 1.9840000000000135e-07 5.526900000000001e-06 0.0010003312001532292 7.388276891180681e-08 7.224942696105887e-08 7.147368401640392e-08
-0.0 0.29 -0.01 0.10005 3.1960000000000045e-07 3.5280000000000035e-07 5.536099999999999e-06 0.0010005327930657747 7.380882337025289e-08 7.228584604621043e-08 7.146616074585409e-08
-0.005 0.29 -0.01 0.10006000000000001 3.1699999999999925e-07 3.6800000000000165e-07 5.523800000000001e-06 0.00100063198030045 7.37956860602977e-08 7.237790695717693e-08 7.155666157002955e-08
-0.005 0.29 -0.005 0.10012 3.2159999999999965e-07 2.0979999999999887e-07 5.528100000000002e-06 0.0010012303830787398 7.382889203049596e-08 7.230173122901909e-08 7.152279879934206e-08
-0.005 0.29 0.0 0.10001 3.266000000000005e-07 5.139999999999867e-08 5.529200000000001e-06 0.001000132806181259 7.381269423724602e-08 7.219588854145686e-08 7.142564525076644e-08
-0.005 0.29 0.005 0.1001 3.3289999999999986e-07 -9.800000000000086e-08 5.523200000000001e-06 0.001001032776686158 7.378768218105052e-08 7.224272511532294e-08 7.143932755425462e-08
-0.005 0.29 0.01 0.10012 3.305000000000002e-07 -2.638999999999975e-07 5.532399999999998e-06 0.0010012319611358799 7.385882106331276e-08 7.237368563517416e-08 7.152427875778921e-08
-0.01 0.29 0.01 0.10007999999999999 3.4240000000000105e-07 -2.476000000000006e-07 5.5113999999999994e-06 0.0010008319739097068 7.445268667022169e-08 7.235269760696785e-08 7.165390025579955e-08
-0.01 0.29 0.005 0.10006000000000001 3.340999999999997e-07 -8.700000000000096e-08 5.512800000000001e-06 0.0010006327897885419 7.442967932865725e-08 7.238176459158188e-08 7.168845621208906e-08
-0.01 0.29 -0.0 0.10006999999999999 3.245999999999999e-07 5.890000000000062e-08 5.522699999999997e-06 0.001000731977104759 7.452999245502457e-08 7.238179391356545e-08 7.174867811865476e-08
-0.01 0.29 -0.005 0.10019 3.179000000000001e-07 2.208999999999989e-07 5.519499999999999e-06 0.001001931150329203 7.448529068155442e-08 7.243493911977958e-08 7.176755748736246e-08
-0.01 0.29 -0.01 0.10005 3.114000000000006e-07 3.7459999999999993e-07 5.5174999999999976e-06 0.0010005319834967795 7.444770073030698e-08 7.228467938930227e-08 7.169684240517095e-08
-0.01 0.316 -0.01 0.10006999999999999 2.713999999999994e-07 3.340999999999983e-07 4.7738e-06 0.001000732786511964 7.443168470290048e-08 7.226168617795039e-08 7.173324351998613e-08
-0.01 0.316 -0.005 0.10012999999999998 2.725000000000005e-07 2.011999999999986e-07 4.773100000000003e-06 0.0010013319579440176 7.450834187417604e-08 7.23725884652138e-08 7.177281370322012e-08
-0.01 0.316 0.0 0.10005999999999998 2.7539999999999925e-07 5.5700000000000194e-08 4.7765e-06 0.0010006327897885416 7.448952503272788e-08 7.234992794708238e-08 7.175951938405196e-08
-0.01 0.316 0.005 0.10010999999999999 2.8340000000000033e-07 -7.660000000000167e-08 4.767500000000002e-06 0.0010011319643283795 7.441268298088819e-08 7.229769355651288e-08 7.169367862730162e-08
-0.01 0.316 0.01 0.09999000000000001 2.8509999999999924e-07 -2.125999999999989e-07 4.771799999999998e-06 0.0009999312126341493 7.44783100008853e-08 7.238418043415957e-08 7.178224892826092e-08
-0.005 0.316 0.01 0.10008 2.809000000000006e-07 -2.259000000000011e-07 4.780200000000001e-06 0.0010008311845661085 7.450394425748552e-08 7.241795431189357e-08 7.174057617186197e-08
-0.005 0.316 0.005 0.10003 2.8299999999999993e-07 -8.340000000000014e-08 4.7704999999999995e-06 0.0010003319898913559 7.438473255483286e-08 7.236768083440389e-08 7.173773702641029e-08
-0.005 0.316 -0.0 0.10008999999999998 2.801000000000012e-07 4.9799999999999844e-08 4.775299999999999e-06 0.0010009327799607721 7.438582627893347e-08 7.24208418535059e-08 7.186410865405774e-08
-0.005 0.316 -0.005 0.10001 2.7480000000000005e-07 1.8859999999999988e-07 4.779100000000003e-06 0.0010001320162858502 7.449368142290919e-08 7.240673590068932e-08 7.186668503904926e-08
-0.005 0.316 -0.01 0.10012999999999998 2.7439999999999965e-07 3.3150000000000124e-07 4.773099999999997e-06 0.00100133276686624 7.447770612492176e-08 7.232205827243599e-08 7.171048009904888e-08
0.0 0.316 -0.01 0.10002 2.764000000000003e-07 3.152999999999989e-07 4.779100000000003e-06 0.0010002328029014046 7.442567825324426e-08 7.227816336579426e-08 7.168963266305403e-08
0.0 0.316 -0.005 0.10006000000000001 2.7760000000000005e-07 1.808000000000004e-07 4.778500000000002e-06 0.0010006327897885419 7.443474310197607e-08 7.230285901290013e-08 7.163168300463529e-08
0.0 0.316 0.0 0.10005 2.7729999999999976e-07 4.339999999999899e-08 4.7812999999999994e-06 0.0010005319834967795 7.444786128248283e-08 7.235095248594822e-08 7.16289917905556e-08
0.0 0.316 0.005 0.09999999999999999 2.797000000000008e-07 -1.0219999999999951e-07 4.781000000000002e-06 0.001000031209512983 7.441770846652082e-08 7.230968593602151e-08 7.163081723857087e-08
0.0 0.316 0.01 0.10008999999999998 2.8119999999999953e-07 -2.3450000000000137e-07 4.782399999999998e-06 0.0010009335892055974 7.442267865744782e-08 7.226268971654957e-08 7.164835183589332e-08
0.005 0.316 0.01 0.10005 2.902000000000002e-07 -2.4409999999999986e-07 4.770600000000002e-06 0.0010005319834967795 7.445557598108038e-08 7.239808381972371e-08 7.171480560060115e-08
0.005 0.316 0.005 0.10002 2.7549999999999936e-07 -1.0989999999999889e-07 4.788300000000001e-06 0.0010002312032725232 7.449220294337824e-08 7.234882585314026e-08 7.165832467724082e-08
0.005 0.316 -0.0 0.10003 2.800999999999998e-07 3.4999999999998924e-08 4.776600000000003e-06 0.0010003319898913559 7.454567824903286e-08 7.23967742013262e-08 7.165818537456365e-08
0.005 0.316 -0.005 0.10006999999999999 2.798000000000009e-07 1.6860000000000208e-07 4.7792e-06 0.001000732786511964 7.462221822454656e-08 7.241270103271907e-08 7.172485956198726e-08
0.005 0.316 -0.01 0.10003 2.7650000000000034e-07 3.0630000000000104e-07 4.784500000000002e-06 0.0010003327996222057 7.464268549402933e-08 7.237331457921972e-08 7.172709142041738e-08
0.01 0.316 -0.01 0.10009 2.775e-07 3.025e-07 4.777500000000001e-06 0.001000931970715293 7.454969387793473e-08 7.232967842748735e-08 7.16500108605519e-08
0.01 0.316 -0.005 0.10008999999999998 2.690000000000012e-07 1.559000000000005e-07 4.794600000000004e-06 0.001000931970715293 7.463313704132049e-08 7.241650167342237e-08 7.172558796686789e-08
0.01 0.316 0.0 0.10006999999999999 2.7690000000000074e-07 2.1599999999999396e-08 4.783500000000002e-06 0.0010007335959185141 7.461702423747219e-08 7.243073509445526e-08 7.184600274183528e-08
0.01 0.316 0.005 0.10007999999999999 2.7439999999999965e-07 -1.1450000000000071e-07 4.784899999999997e-06 0.0010008319739097068 7.458185494230929e-08 7.238413262953935e-08 7.171173855639067e-08
0.01 0.316 0.01 0.10002 2.750000000000002e-07 -2.5470000000000214e-07 4.7912999999999985e-06 0.001000231993089603 7.452777361130359e-08 7.233054539716865e-08 7.177277039336539e-08
0.01 0.34299999999999997 0.01 0.10007999999999999 2.3689999999999961e-07 -2.8880000000000015e-07 4.025600000000002e-06 0.0010008311845661085 7.453419717836925e-08 7.237337111497128e-08 7.182284806969641e-08
0.01 0.34299999999999997 0.005 0.1001 2.3480000000000028e-07 -1.4540000000000108e-07 4.0149000000000045e-06 0.001001032776686158 7.447471212487734e-08 7.230768594581153e-08 7.18036785761112e-08
0.01 0.34299999999999997 -0.0 0.1001 2.2819999999999922e-07 1.8799999999999374e-08 4.0095000000000046e-06 0.0010010319675215172 7.455671139984202e-08 7.220968112065308e-08 7.165868655743576e-08
0.01 0.34299999999999997 -0.005 0.10007999999999999 2.246999999999999e-07 1.7619999999999857e-07 4.009000000000002e-06 0.0010008319739097068 7.454468281348757e-08 7.22237181049076e-08 7.168527136714359e-08
0.01 0.34299999999999997 -0.01 0.10010999999999999 2.2299999999999957e-07 3.3279999999999975e-07 4.010900000000001e-06 0.0010011319643283795 7.460293735976396e-08 7.229759714620469e-08 7.178031824505242e-08
0.005 0.34299999999999997 -0.01 0.10003999999999999 2.2670000000000051e-07 3.466999999999998e-07 4.0128e-06 0.001000431986693748 7.463353524070241e-08 7.225835379527438e-08 7.175135193883089e-08
0.005 0.34299999999999997 -0.005 0.10003999999999999 2.27200000000001e-07 1.8600000000000005e-07 4.005600000000004e-06 0.0010004311970345586 7.452468650878711e-08 7.225195096925584e-08 7.168599857881131e-08
0.005 0.34299999999999997 0.0 0.10012 2.2870000000000111e-07 2.6599999999998845e-08 4.005799999999998e-06 0.0010012311721076207 7.458927425643451e-08 7.240632961586755e-08 7.174482027522706e-08
0.005 0.34299999999999997 0.005 0.10003 2.3169999999999996e-07 -1.2659999999999892e-07 4.008600000000001e-06 0.0010003319898913559 7.46004403221834e-08 7.239781770979711e-08 7.169954615838503e-08
0.005 0.34299999999999997 0.01 0.10006999999999999 2.3289999999999976e-07 -2.938000000000024e-07 4.028600000000004e-06 0.001000731977104759 7.452069124199174e-08 7.235873758360134e-08 7.167246915625077e-08
-0.0 0.34299999999999997 0.01 0.09998 2.3089999999999916e-07 -2.795999999999993e-07 4.022999999999999e-06 0.0009998312157559397 7.448970047900142e-08 7.241974394535659e-08 7.166897869780516e-08
-0.0 0.34299999999999997 0.005 0.1001 2.3180000000000005e-07 -1.1800000000000144e-07 4.005599999999998e-06 0.0010010319675215172 7.465667862549709e-08 7.253368058711167e-08 7.176129508025399e-08
-0.0 0.34299999999999997 -0.0 0.10009 2.3159999999999985e-07 3.17999999999985e-08 4.004600000000002e-06 0.001000931181450553 7.452886014679328e-08 7.246508970092387e-08 7.17639625057032e-08
-0.0 0.34299999999999997 -0.005 0.10002 2.3169999999999996e-07 1.9720000000000015e-07 4.0043e-06 0.001000231993089603 7.436072250194656e-08 7.232269796964915e-08 7.164169154498115e-08
-0.0 0.34299999999999997 -0.01 0.10012 2.3109999999999936e-07 3.565999999999986e-07 4.012300000000002e-06 0.0010012319611358799 7.444353546926433e-08 7.238368379706712e-08 7.17218210363474e-08
-0.005 0.34299999999999997 -0.01 0.10012 2.338999999999994e-07 3.602999999999995e-07 4.020299999999999e-06 0.0010012311721076207 7.443562536660337e-08 7.239908861376547e-08 7.174483477990101e-08
-0.005 0.34299999999999997 -0.005 0.10010000000000001 2.3399999999999947e-07 2.0820000000000005e-07 4.002e-06 0.0010010327766861583 7.43446869243678e-08 7.234367842483967e-08 7.166868646934905e-08
-0.005 0.34299999999999997 0.0 0.10012 2.3289999999999976e-07 4.709999999999992e-08 4.0016e-06 0.0010012319811112708 7.432781096111438e-08 7.234178878320208e-08 7.174115955953567e-08
-0.005 0.34299999999999997 0.005 0.10006999999999999 2.3070000000000034e-07 -1.1179999999999801e-07 4.0068000000000046e-06 0.0010007311876822865 7.436448955330761e-08 7.247150633287669e-08 7.184366090757963e-08
-0.005 0.34299999999999997 0.01 0.10009 2.2889999999999994e-07 -2.6359999999999995e-07 4.0186e-06 0.001000931970715293 7.429473392179176e-08 7.238786445296589e-08 7.183046381243728e-08
-0.01 0.34299999999999997 0.01 0.10003 2.2900000000000003e-07 -2.571000000000018e-07 4.019699999999998e-06 0.0010003320098847183 7.434367825628206e-08 7.235774642324932e-08 7.169186209732543e-08
-0.01 0.34299999999999997 0.005 0.10007999999999999 2.2910000000000014e-07 -1.0040000000000049e-07 4.009799999999997e-06 0.0010008311845661085 7.442083391053197e-08 7.240137974815654e-08 7.177448355199301e-08
-0.01 0.34299999999999997 -0.0 0.10003 2.3480000000000028e-07 6.039999999999935e-08 3.998099999999999e-06 0.0010003319898913559 7.45448552141995e-08 7.227232660663149e-08 7.174206262503441e-08
-0.01 0.34299999999999997 -0.005 0.10005999999999998 2.349000000000004e-07 2.118999999999982e-07 4.010000000000002e-06 0.001000632000287818 7.447967825131593e-08 7.222883753057434e-08 7.173243444968481e-08
-0.01 0.34299999999999997 -0.01 0.10010999999999999 2.4369999999999946e-07 3.724000000000005e-07 4.016199999999997e-06 0.0010011327734121983 7.454007311003394e-08 7.224825608415765e-08 7.174074801919549e-08
-0.01 0.369 -0.01 0.10003 1.9499999999999935e-07 5.277999999999991e-07 3.0308000000000003e-06 0.0010003319898913559 7.464168129850592e-08 7.229384519764547e-08 7.180824360645036e-08
-0.01 0.369 -0.005 0.10008999999999998 1.8819999999999948e-07 2.957999999999988e-07 3.0032000000000003e-06 0.0010009319906966706 7.455222806626705e-08 7.219862032183337e-08 7.176900604515013e-08
-0.01 0.369 0.0 0.10010999999999999 1.787000000000011e-07 6.359999999999976e-08 3.0025000000000026e-06 0.0010011319643283795 7.449667864691673e-08 7.215468365881033e-08 7.171370254507717e-08
-0.01 0.369 0.005 0.1001 1.6930000000000001e-07 -1.7599999999999837e-07 3.0144000000000003e-06 0.001001032776686158 7.46719811870907e-08 7.222325274491292e-08 7.172296463935925e-08
-0.01 0.369 0.01 0.10002 1.5389999999999986e-07 -4.0669999999999874e-07 3.0395000000000007e-06 0.0010002328029014046 7.459472961161929e-08 7.219968114081422e-08 7.172428257799775e-08
-0.005 0.369 0.01 0.10009 1.670999999999992e-07 -4.20100000000001e-07 3.023799999999999e-06 0.0010009327799607724 7.460869094572447e-08 7.217377688497232e-08 7.164387156055199e-08
-0.005 0.369 0.005 0.10003999999999999 1.8190000000000011e-07 -1.8730000000000137e-07 2.9951000000000003e-06 0.0010004311970345586 7.461369976860752e-08 7.221269942343043e-08 7.168376495958932e-08
-0.005 0.369 -0.0 0.10002 1.810999999999993e-07 5.239999999999967e-08 2.9889e-06 0.001000231993089603 7.468817708157103e-08 7.231325167390893e-08 7.172539482788941e-08
-0.005 0.369 -0.005 0.09999000000000001 1.8429999999999974e-07 2.810000000000007e-07 2.993699999999999e-06 0.0009999328127429364 7.467805937081594e-08 7.225171737837529e-08 7.16597207941968e-08
-0.005 0.369 -0.01 0.10007999999999999 1.8750000000000016e-07 5.180000000000004e-07 3.0111e-06 0.0010008319938930809 7.466368836402474e-08 7.215968674526814e-08 7.159984064598033e-08
0.0 0.369 -0.01 0.10002 1.7490000000000006e-07 5.059999999999995e-07 3.0063000000000008e-06 0.0010002312032725232 7.471480523951393e-08 7.222743584485891e-08 7.17192513683496e-08
0.0 0.369 -0.005 0.10006000000000001 1.7579999999999958e-07 2.6110000000000024e-07 2.9979999999999953e-06 0.0010006320002878184 7.465744895061346e-08 7.22295685031131e-08 7.178596412711948e-08
0.0 0.369 0.0 0.10004 1.7510000000000026e-07 3.5100000000001797e-08 2.9930000000000012e-06 0.0010004311970345588 7.456968135783453e-08 7.214586242737612e-08 7.171077611385323e-08
0.0 0.369 0.005 0.1001 1.7269999999999924e-07 -1.9789999999999809e-07 3.0040999999999985e-06 0.0010010319675215172 7.478767824129395e-08 7.22146794484414e-08 7.162099454715641e-08
0.0 0.369 0.01 0.10003 1.7240000000000033e-07 -4.388000000000003e-07 3.031100000000003e-06 0.0010003312001532292 7.483885301805037e-08 7.228231484512815e-08 7.171791989697812e-08
0.005 0.369 0.01 0.10008999999999998 1.8199999999999882e-07 -4.466999999999999e-07 3.026899999999999e-06 0.0010009327799607721 7.485225293990331e-08 7.22891330594117e-08 7.168327258707416e-08
0.005 0.369 0.005 0.10009 1.7650000000000026e-07 -2.12699999999999e-07 3.0061000000000003e-06 0.001000931970715293 7.482055719230157e-08 7.231086873230052e-08 7.171569055638874e-08
0.005 0.369 -0.0 0.10005999999999998 1.7080000000000013e-07 1.8299999999998873e-08 3.0026e-06 0.0010006319803004498 7.487421723820198e-08 7.232696769666979e-08 7.17149738918212e-08
0.005 0.369 -0.005 0.10005999999999998 1.6109999999999874e-07 2.5439999999999905e-07 3.0119000000000008e-06 0.0010006319803004498 7.479768411326744e-08 7.224076177649834e-08 7.169102295594417e-08
0.005 0.369 -0.01 0.10006999999999999 1.6640000000000128e-07 4.845000000000016e-07 3.0137000000000026e-06 0.001000731977104759 7.481471759214913e-08 7.217770572575696e-08 7.164571394684532e-08
0.01 0.369 -0.01 0.10006000000000001 1.562999999999995e-07 4.6889999999999986e-07 3.0264999999999985e-06 0.001000633599275979 7.485267860151325e-08 7.215805436552356e-08 7.166218324213019e-08
0.01 0.369 -0.005 0.10013000000000001 1.6469999999999956e-07 2.4079999999999935e-07 3.005000000000002e-06 0.0010013319579440178 7.484077303281836e-08 7.221691382398112e-08 7.168677852332632e-08
0.01 0.369 0.0 0.10012999999999998 1.7299999999999955e-07 1.0000000000010001e-10 3.0091000000000035e-06 0.0010013311689945539 7.48488625031403e-08 7.228174909095359e-08 7.174677270893114e-08
0.01 0.369 0.005 0.10006999999999999 1.8099999999999923e-07 -2.270000000000022e-07 3.016399999999997e-06 0.0010007311876822865 7.480068594260815e-08 7.223985109775163e-08 7.165285007748181e-08
0.01 0.369 0.01 0.10007999999999999 2.0020000000000038e-07 -4.5460000000000223e-07 3.022999999999998e-06 0.0010008319938930809 7.483870185889657e-08 7.226528546457848e-08 7.172163608019421e-08
0.01 0.396 0.01 0.10014999999999999 8.589999999999986e-08 -4.94e-07 1.6152999999999973e-06 0.0010015319515622055 7.487767823864515e-08 7.229373149741367e-08 7.174370280374219e-08
0.01 0.396 0.005 0.10005 9.849999999999998e-08 -2.4990000000000014e-07 1.6186999999999952e-06 0.0010005311939165116 7.48337946583611e-08 7.220926678803673e-08 7.17155562207149e-08
0.01 0.396 -0.0 0.10006999999999999 9.409999999999974e-08 -1.5199999999998548e-08 1.6374e-06 0.0010007311876822865 7.48488018480761e-08 7.223101492344506e-08 7.170764953248767e-08
0.01 0.396 -0.005 0.10003999999999999 9.560000000000124e-08 2.3390000000000076e-07 1.6259000000000023e-06 0.0010004311970345586 7.487670164235215e-08 7.237176511216232e-08 7.187101600048056e-08
0.01 0.396 -0.01 0.10003 1.0000000000000009e-07 4.794999999999994e-07 1.6054000000000012e-06 0.0010003319898913559 7.48033838251526e-08 7.2311878918055e-08 7.182723801404775e-08
0.005 0.396 -0.01 0.10006999999999999 9.139999999999981e-08 4.855000000000012e-07 1.6108999999999984e-06 0.0010007335959185141 7.472567824318775e-08 7.225173295220222e-08 7.175544412116442e-08
0.005 0.396 -0.005 0.1001 9.580000000000005e-08 2.47e-07 1.6240000000000032e-06 0.0010010319875008989 7.487500279379717e-08 7.223970395231487e-08 7.169809191236032e-08
0.005 0.396 0.0 0.10007999999999999 9.500000000000064e-08 2.3000000000023003e-09 1.6357999999999984e-06 0.0010008328232027563 7.486401629414685e-08 7.226735791874211e-08 7.176122845062367e-08
0.005 0.396 0.005 0.1001 9.269999999999972e-08 -2.3940000000000073e-07 1.6365000000000018e-06 0.001001032776686158 7.481774252038989e-08 7.221367845132272e-08 7.167292652733102e-08
0.005 0.396 0.01 0.10005 9.430000000000133e-08 -4.790000000000017e-07 1.6122000000000025e-06 0.0010005327930657747 7.477968119066146e-08 7.220490433981405e-08 7.162774409229024e-08
-0.0 0.396 0.01 0.10005999999999998 1.0280000000000011e-07 -4.6839999999999935e-07 1.611800000000002e-06 0.0010006311907990876 7.477168119671318e-08 7.220468347339751e-08 7.162471312892515e-08
-0.0 0.396 0.005 0.10007999999999999 9.779999999999927e-08 -2.2280000000000078e-07 1.6318999999999972e-06 0.0010008319938930809 7.478773220218125e-08 7.215405540820867e-08 7.163201736127932e-08
-0.0 0.396 -0.0 0.1001 9.360000000000063e-08 2.1699999999999496e-08 1.6339999999999966e-06 0.0010010319675215172 7.479367824111374e-08 7.221871127478893e-08 7.164233578110379e-08
-0.0 0.396 -0.005 0.10001 8.819999999999939e-08 2.5389999999999996e-07 1.6318e-06 0.0010001319962884899 7.476972258749222e-08 7.220876356348092e-08 7.168534113734379e-08
-0.0 0.396 -0.01 0.10007999999999999 8.940000000000059e-08 5.042999999999992e-07 1.6008000000000023e-06 0.0010008319739097068 7.484869020176907e-08 7.224269900624082e-08 7.163970449072393e-08
-0.005 0.396 -0.01 0.10006999999999999 9.359999999999924e-08 5.229999999999999e-07 1.5804999999999957e-06 0.001000731977104759 7.480267860741328e-08 7.220669950887617e-08 7.166668648681897e-08
-0.005 0.396 -0.005 0.10002 8.92999999999991e-08 2.7179999999999983e-07 1.6193000000000014e-06 0.001000231993089603 7.483483524466244e-08 7.22454927654444e-08 7.167568278185593e-08
-0.005 0.396 0.0 0.10006999999999999 9.890000000000038e-08 3.589999999999982e-08 1.6246000000000039e-06 0.001000731977104759 7.491668239825315e-08 7.241282029838006e-08 7.177825200368568e-08
-0.005 0.396 0.005 0.10006000000000001 1.024000000000011e-07 -2.0699999999999885e-07 1.6245999999999982e-06 0.0010006320002878184 7.483537835018674e-08 7.230812608337849e-08 7.174411994091666e-08
-0.005 0.396 0.01 0.10009 1.0889999999999927e-07 -4.536000000000012e-07 1.6070000000000028e-06 0.001000931181450553 7.477371368335267e-08 7.228489284352554e-08 7.164668025540445e-08
-0.01 0.396 0.01 0.10008999999999998 1.1819999999999886e-07 -4.3730000000000157e-07 1.5925000000000023e-06 0.001000931181450553 7.489870868205803e-08 7.23620078858424e-08 7.181617076901477e-08
-0.01 0.396 0.005 0.10001999999999998 9.809999999999957e-08 -1.9349999999999924e-07 1.6239999999999977e-06 0.001000231993089603 7.48022599643472e-08 7.2300700131081e-08 7.180757282645492e-08
-0.01 0.396 -0.0 0.10012 9.350000000000053e-08 5.200000000000205e-08 1.6198000000000046e-06 0.0010012319611358799 7.473069602906262e-08 7.21957053911316e-08 7.173268594641342e-08
-0.01 0.396 -0.005 0.10009 8.350000000000024e-08 2.993999999999997e-07 1.6082000000000041e-06 0.0010009327799607724 7.479727768308483e-08 7.229670270862806e-08 7.181322244882929e-08
-0.01 0.396 -0.01 0.10003 7.82999999999992e-08 5.376000000000006e-07 1.5876999999999975e-06 0.0010003319898913559 7.478372243464249e-08 7.219290617128363e-08 7.16805358401789e-08
-0.01 0.42200000000000004 -0.01 0.10007999999999999 1.1899999999999412e-08 2.7360000000000023e-07 6.117999999999957e-07 0.0010008319739097068 7.476868600430506e-08 7.218322149662364e-08 7.167186592548545e-08
-0.01 0.42200000000000004 -0.005 0.10012 2.1999999999999797e-08 1.4229999999999799e-07 6.481999999999988e-07 0.0010012319611358799 7.475768120736126e-08 7.223167844738581e-08 7.169011162839394e-08
-0.01 0.42200000000000004 0.0 0.1001 3.8799999999999944e-08 2.2100000000002673e-08 6.525000000000003e-07 0.001001032776686158 7.473368122578753e-08 7.226074134317175e-08 7.171433642704462e-08
-0.01 0.42200000000000004 0.005 0.09999999999999999 5.0000000000000044e-08 -1.0300000000000031e-07 6.473000000000007e-07 0.0010000328094617696 7.468178400996513e-08 7.227591100867464e-08 7.175272610219486e-08
-0.01 0.42200000000000004 0.01 0.10009 6.130000000000024e-08 -2.3009999999999974e-07 6.272e-07 0.001000931181450553 7.474381312755293e-08 7.228868318835511e-08 7.170967861915514e-08
-0.005 0.42200000000000004 0.01 0.10010999999999999 5.449999999999899e-08 -2.3190000000000154e-07 6.307000000000007e-07 0.0010011319843057657 7.473567824287836e-08 7.220672624622285e-08 7.162499316282716e-08
-0.005 0.42200000000000004 0.005 0.10005 4.699999999999982e-08 -1.1200000000000099e-07 6.562000000000012e-07 0.0010005327930657747 7.479613354002457e-08 7.230821246883318e-08 7.168727015220818e-08
-0.005 0.42200000000000004 -0.0 0.10012999999999998 3.849999999999964e-08 1.3400000000002299e-08 6.65300000000002e-07 0.0010013311689945539 7.48113102650439e-08 7.232885981426252e-08 7.170199340654252e-08
-0.005 0.42200000000000004 -0.005 0.1001 3.260000000000068e-08 1.449999999999993e-07 6.481999999999988e-07 0.001001032776686158 7.474367824263195e-08 7.222777336945478e-08 7.161421007713769e-08
-0.005 0.42200000000000004 -0.01 0.10006999999999999 2.420000000000061e-08 2.599000000000004e-07 6.272999999999973e-07 0.00100073199709013 7.480724253289261e-08 7.235653169658932e-08 7.173192147848629e-08
0.0 0.42200000000000004 -0.01 0.10008999999999998 3.4000000000000695e-08 2.56300000000001e-07 6.348000000000021e-07 0.001000931970715293 7.485779398392788e-08 7.240780804886046e-08 7.171789706208265e-08
0.0 0.42200000000000004 -0.005 0.10004 3.530000000000061e-08 1.3780000000000043e-07 6.560999999999984e-07 0.0010004311970345588 7.477792706603922e-08 7.230292433077146e-08 7.168664942970852e-08
0.0 0.42200000000000004 0.0 0.10006000000000001 3.839999999999954e-08 1.4999999999987245e-09 6.724999999999981e-07 0.00100063198030045 7.479469574839144e-08 7.221567845088064e-08 7.162980052617184e-08
0.0 0.42200000000000004 0.005 0.10006000000000001 4.159999999999997e-08 -1.1849999999999916e-07 6.617999999999957e-07 0.00100063198030045 7.477882020073596e-08 7.233140635003718e-08 7.175396235605126e-08
0.0 0.42200000000000004 0.01 0.10009 4.240000000000077e-08 -2.4490000000000066e-07 6.414000000000031e-07 0.001000931970715293 7.47244167748206e-08 7.238310210795891e-08 7.179218170163542e-08
0.005 0.42200000000000004 0.01 0.10007999999999999 3.610000000000002e-08 -2.583000000000002e-07 6.39099999999998e-07 0.0010008303952218876 7.467568429771677e-08 7.233171544086544e-08 7.177277039336539e-08
0.005 0.42200000000000004 0.005 0.10009 3.4200000000000895e-08 -1.2900000000000133e-07 6.610000000000004e-07 0.0010009327799607724 7.468569333875141e-08 7.226469871053892e-08 7.174668004915489e-08
0.005 0.42200000000000004 -0.0 0.10013999999999998 3.9200000000000344e-08 -1.8999999999991245e-09 6.70000000000004e-07 0.0010014319547527928 7.474767923334374e-08 7.22327425062547e-08 7.166447579111995e-08
0.005 0.42200000000000004 -0.005 0.10007999999999999 4.059999999999897e-08 1.240999999999992e-07 6.621999999999962e-07 0.0010008319739097068 7.479496018530981e-08 7.228173190513057e-08 7.172196343942235e-08
0.005 0.42200000000000004 -0.01 0.10008 4.659999999999942e-08 2.545999999999993e-07 6.293999999999967e-07 0.001000831993893081 7.474771391240244e-08 7.221404035045387e-08 7.170912891864442e-08
0.01 0.42200000000000004 -0.01 0.10007999999999999 5.259999999999987e-08 2.4129999999999844e-07 6.324999999999969e-07 0.0010008327832360408 7.484330537017407e-08 7.230973033793967e-08 7.174807196864617e-08
0.01 0.42200000000000004 -0.005 0.10006999999999999 4.5599999999999806e-08 1.1590000000000073e-07 6.543999999999994e-07 0.001000732786511964 7.476535344474438e-08 7.23037035421807e-08 7.176773535456964e-08
0.01 0.42200000000000004 0.0 0.10011 3.729999999999983e-08 -5.1999999999996495e-09 6.623000000000045e-07 0.0010011319643283797 7.471379815182888e-08 7.221182501353214e-08 7.169005955609372e-08
0.01 0.42200000000000004 0.005 0.10012 3.029999999999977e-08 -1.374000000000014e-07 6.514000000000019e-07 0.0010012327701388924 7.488286986880239e-08 7.242985990078252e-08 7.182746816159032e-08
0.01 0.42200000000000004 0.01 0.10013999999999999 2.0100000000000673e-08 -2.563999999999983e-07 6.327000000000027e-07 0.001001431954752793 7.488877194239783e-08 7.238968556354593e-08 7.177542973288222e-08
0.01 0.44799999999999995 0.01 0.10014999999999999 8.600000000000274e-09 -9.709999999999996e-08 2.3579999999999712e-07 0.0010015319515622055 7.483523870131081e-08 7.230540066505585e-08 7.173350557233402e-08
0.01 0.44799999999999995 0.005 0.10006999999999998 1.0500000000000787e-08 -5.0000000000000044e-08 2.495999999999998e-07 0.0010007319771047588 7.474968121347902e-08 7.218867811865475e-08 7.167677956260358e-08
0.01 0.44799999999999995 -0.0 0.10007999999999999 1.2600000000000111e-08 4.0000000000040006e-10 2.504000000000006e-07 0.0010008319739097068 7.481889281606286e-08 7.224893297400221e-08 7.170757931737005e-08
0.01 0.44799999999999995 -0.005 0.10005 9.599999999999886e-09 3.709999999999963e-08 2.591999999999983e-07 0.0010005319834967795 7.478472721016065e-08 7.215072811778674e-08 7.168994825503185e-08
0.01 0.44799999999999995 -0.01 0.10005999999999998 2.1899999999999696e-08 9.04000000000002e-08 2.3579999999999712e-07 0.0010006327897885416 7.47816782414747e-08 7.221369441929824e-08 7.162868029730141e-08
0.005 0.44799999999999995 -0.01 0.10008999999999998 1.5000000000001124e-08 9.330000000000033e-08 2.4279999999999855e-07 0.001000931970715293 7.477370580746024e-08 7.220478654845495e-08 7.164693662996454e-08
0.005 0.44799999999999995 -0.005 0.10008999999999998 7.3000000000003615e-09 4.319999999999879e-08 2.59100000000001e-07 0.001000931181450553 7.482727331371584e-08 7.227861944408757e-08 7.169888457481662e-08
0.005 0.44799999999999995 0.0 0.10006000000000001 1.0799999999999698e-08 1.8000000000004123e-09 2.5330000000000077e-07 0.0010006320002878184 7.473326559439721e-08 7.230658538413105e-08 7.179178218395097e-08
0.005 0.44799999999999995 0.005 0.10012999999999998 1.5099999999999837e-08 -5.0499999999999155e-08 2.517000000000047e-07 0.0010013311689945539 7.471371421641856e-08 7.2215681108685e-08 7.169075158528877e-08
0.005 0.44799999999999995 0.01 0.10010999999999999 2.3200000000001e-08 -9.510000000000074e-08 2.2689999999999656e-07 0.0010011319643283795 7.477718177658992e-08 7.238486389090346e-08 7.181360604014373e-08
-0.0 0.44799999999999995 0.01 0.10005 2.0599999999999784e-08 -8.680000000000076e-08 2.3259999999999948e-07 0.0010005311939165116 7.481745739200267e-08 7.238102239454521e-08 7.17135619603832e-08
-0.0 0.44799999999999995 0.005 0.10005 2.2300000000000097e-08 -4.739999999999883e-08 2.442e-07 0.0010005327930657747 7.476868009006878e-08 7.229467938128051e-08 7.163468677662285e-08
-0.0 0.44799999999999995 -0.0 0.10004 1.6800000000000147e-08 2.900000000000125e-09 2.5009999999999756e-07 0.0010004319866937482 7.481974248904372e-08 7.232722381859646e-08 7.175773876637293e-08
-0.0 0.44799999999999995 -0.005 0.10009 1.2600000000000111e-08 5.310000000000037e-08 2.5179999999999647e-07 0.001000931181450553 7.493168108003727e-08 7.23877022687492e-08 7.178446115074272e-08
-0.0 0.44799999999999995 -0.01 0.10009 1.6300000000001036e-08 8.98999999999997e-08 2.385000000000026e-07 0.001000931970715293 7.484898018592825e-08 7.22985225694748e-08 7.170044677849401e-08
-0.005 0.44799999999999995 -0.01 0.10005999999999998 8.900000000000574e-09 9.600000000000025e-08 2.373000000000014e-07 0.0010006327897885416 7.477468008715822e-08 7.224970443421925e-08 7.170298956170074e-08
-0.005 0.44799999999999995 -0.005 0.10006999999999999 9.599999999999886e-09 5.269999999999997e-08 2.493999999999996e-07 0.00100073199709013 7.484730476363977e-08 7.233485175469248e-08 7.174079461692086e-08
-0.005 0.44799999999999995 0.0 0.10011 1.1300000000000199e-08 1.7000000000003124e-09 2.566999999999986e-07 0.0010011319643283797 7.476969893653682e-08 7.224168628323129e-08 7.167502867732105e-08
-0.005 0.44799999999999995 0.005 0.10006999999999999 1.0999999999999898e-08 -3.9000000000000144e-08 2.5880000000000346e-07 0.001000732786511964 7.476667861175138e-08 7.22419527511097e-08 7.168112646864562e-08
-0.005 0.44799999999999995 0.01 0.10005 2.0299999999999484e-08 -8.770000000000028e-08 2.3940000000000073e-07 0.0010005320034861453 7.4742718297026e-08 7.217977648159715e-08 7.174653621704469e-08
-0.01 0.44799999999999995 0.01 0.10003 2.6999999999999246e-08 -8.399999999999935e-08 2.3230000000000194e-07 0.0010003319898913559 7.476068256309676e-08 7.217767845948635e-08 7.166455966266323e-08
-0.01 0.44799999999999995 0.005 0.10006999999999999 2.1500000000000686e-08 -3.4700000000000006e-08 2.3799999999999933e-07 0.001000732786511964 7.477986501532097e-08 7.218868353136473e-08 7.174261028696816e-08
-0.01 0.44799999999999995 -0.0 0.10005999999999998 1.760000000000095e-08 5.7000000000001495e-09 2.4270000000000124e-07 0.0010006311907990876 7.47746825477862e-08 7.22226794414055e-08 7.166004527629189e-08
-0.01 0.44799999999999995 -0.005 0.10012 3.500000000000725e-09 5.460000000000048e-08 2.470000000000028e-07 0.0010012327701388924 7.499426656760734e-08 7.233839922498717e-08 7.154858622817513e-08
-0.01 0.44799999999999995 -0.01 0.10007999999999999 1.4099999999998836e-08 1.007999999999995e-07 2.1749999999999826e-07 0.0010008319938930809 7.499444398527258e-08 7.239707605508613e-08 7.154399558517037e-08
-0.01 0.475 -0.01 0.10006999999999999 5.499999999999949e-09 3.220000000000028e-08 9.190000000000031e-08 0.001000732786511964 7.536240983920787e-08 7.221773883408729e-08 7.170264989244674e-08
-0.01 0.475 -0.005 0.10003 8.199999999999873e-09 2.2900000000000698e-08 8.900000000000019e-08 0.0010003312001532292 7.57432520127968e-08 7.227462440929265e-08 7.183978838784905e-08
-0.01 0.475 0.0 0.10003000000000001 7.3000000000003615e-09 -2.0000000000006122e-09 9.969999999999701e-08 0.001000331989891356 7.5718433903435e-08 7.22893085377206e-08 7.18736785485773e-08
-0.01 0.475 0.005 0.10003999999999999 1.579999999999915e-08 -1.18000000000007e-08 8.569999999999966e-08 0.0010004311970345586 7.578632448143457e-08 7.234526919901706e-08 7.172181806940342e-08
-0.01 0.475 0.01 0.10006999999999999 1.06999999999996e-08 -2.8100000000000348e-08 9.430000000000272e-08 0.001000731977104759 7.562329737929363e-08 7.220092709114224e-08 7.169869633711027e-08
-0.005 0.475 0.01 0.10009 1.0899999999999798e-08 -3.4900000000000207e-08 9.359999999999924e-08 0.0010009327799607724 7.508319455658841e-08 7.234170294985752e-08 7.157115473077155e-08
-0.005 0.475 0.005 0.1001 1.2900000000000412e-08 -1.3699999999999823e-08 9.230000000000071e-08 0.001001032776686158 7.477065373434507e-08 7.239278453621578e-08 7.146391778834828e-08
-0.005 0.475 -0.0 0.10012 6.2000000000006494e-09 7.999999999994123e-10 9.880000000000444e-08 0.0010012319611358799 7.471067861865473e-08 7.230170357413937e-08 7.139868102562536e-08
-0.005 0.475 -0.005 0.10006999999999999 6.600000000001049e-09 1.6800000000000147e-08 9.490000000000332e-08 0.001000731977104759 7.471867861765672e-08 7.237472138732297e-08 7.140988481198657e-08
-0.005 0.475 -0.01 0.10007999999999999 1.0100000000000387e-08 3.9000000000000144e-08 8.349999999999746e-08 0.0010008327832360408 7.471468261415673e-08 7.234873794662198e-08 7.145041455820603e-08
0.0 0.475 -0.01 0.10005999999999998 7.100000000000162e-09 3.24999999999992e-08 9.500000000000064e-08 0.0010006319803004498 7.478927885910485e-08 7.240147792939523e-08 7.151595074329811e-08
0.0 0.475 -0.005 0.10012999999999998 1.6000000000002124e-09 1.7599999999999562e-08 1.0840000000000294e-07 0.0010013311689945539 7.612082950285834e-08 7.24845439534912e-08 7.195640762380425e-08
0.0 0.475 0.0 0.10003999999999999 1.16000000000005e-08 5.499999999999949e-09 9.170000000000011e-08 0.0010004327963436623 7.575168059832088e-08 7.219267946818181e-08 7.165068024631193e-08
0.0 0.475 0.005 0.10002 5.2000000000010375e-09 -2.0900000000000085e-08 1.0399999999999854e-07 0.001000231993089603 7.57496782178808e-08 7.223272542409569e-08 7.169080872219696e-08
0.0 0.475 0.01 0.10007999999999999 7.400000000000462e-09 -3.0199999999999675e-08 9.480000000000044e-08 0.0010008319739097068 7.488869008608616e-08 7.224575140680747e-08 7.147089124666558e-08
0.005 0.475 0.01 0.10003 1.569999999999905e-08 -3.039999999999987e-08 7.989999999999941e-08 0.0010003320098847183 7.4980235706977e-08 7.237328149889913e-08 7.148911244472215e-08
0.005 0.475 0.005 0.10005999999999998 1.4000000000000123e-09 -2.289999999999931e-08 1.0530000000000262e-07 0.0010006327897885416 7.506470751680999e-08 7.24466884872874e-08 7.154312151012351e-08
0.005 0.475 -0.0 0.10015999999999999 6.000000000000449e-09 1.2999999999999124e-09 9.939999999999949e-08 0.001001632757052204 7.496950659606494e-08 7.235208726935424e-08 7.149073580882901e-08
0.005 0.475 -0.005 0.10007999999999999 6.30000000000075e-09 1.5900000000000635e-08 9.850000000000137e-08 0.0010008311845661085 7.483407210904665e-08 7.2319335944297e-08 7.158624079488073e-08
0.005 0.475 -0.01 0.10005999999999998 6.000000000000449e-09 3.0099999999999575e-08 9.770000000000056e-08 0.0010006311907990876 7.496546836025304e-08 7.237439985019523e-08 7.158562040246552e-08
0.01 0.475 -0.01 0.10011 1.2000000000000898e-08 3.540000000000071e-08 8.879999999999999e-08 0.0010011327734121985 7.493932565657986e-08 7.239348173167679e-08 7.164900109077043e-08
0.01 0.475 -0.005 0.10003 8.099999999999775e-09 1.3900000000000024e-08 1.0009999999999741e-07 0.0010003319898913559 7.578267969594158e-08 7.219081324762103e-08 7.16858263125207e-08
0.01 0.475 0.0 0.10006000000000001 6.599999999999662e-09 -3.0000000000002246e-09 9.959999999999969e-08 0.0010006311907990878 7.577869232542253e-08 7.220196011747323e-08 7.170309436197205e-08
0.01 0.475 0.005 0.10004 6.2000000000006494e-09 -1.3099999999999224e-08 9.469999999999756e-08 0.0010004327963436626 7.581103104761958e-08 7.229849296932218e-08 7.173969026629929e-08
0.01 0.475 0.01 0.10009 2.6999999999999245e-09 -3.700000000000092e-08 9.790000000000076e-08 0.001000931970715293 7.498962471799437e-08 7.235384700833105e-08 7.152556461381834e-08
0.01 0.501 0.01 0.10012999999999998 5.1999999999996495e-09 -8.500000000000174e-09 3.730000000000122e-08 0.0010013319579440176 7.48916839784928e-08 7.226078263126028e-08 7.146375447600506e-08
0.01 0.501 0.005 0.10016 5.999999999999062e-09 -1.1099999999999998e-08 4.410000000000247e-08 0.0010016327570522043 7.490667811865476e-08 7.226573245854131e-08 7.145556602968567e-08
0.01 0.501 -0.0 0.1001 6.7999999999998615e-09 -9.999999999996123e-10 4.329999999999612e-08 0.0010010319675215172 7.496475757254369e-08 7.231742949954727e-08 7.15747614479697e-08
0.01 0.501 -0.005 0.10009 1.4100000000000224e-08 6.899999999999962e-09 3.0099999999999575e-08 0.0010009327799607724 7.495707423771854e-08 7.237555409001118e-08 7.146944026847511e-08
0.01 0.501 -0.01 0.10002 8.199999999999873e-09 8.099999999999775e-09 4.170000000000007e-08 0.0010002312032725232 7.489968110265942e-08 7.232171567253114e-08 7.143472231620074e-08
0.005 0.501 -0.01 0.10012999999999998 4.0000000000012245e-09 1.16000000000005e-08 4.25999999999982e-08 0.0010013319579440176 7.497041073937169e-08 7.235197638527176e-08 7.146221254900377e-08
0.005 0.501 -0.005 0.10007999999999999 6.30000000000075e-09 5.399999999999849e-09 4.109999999999947e-08 0.0010008319938930809 7.496241211786026e-08 7.232858849936192e-08 7.150488212267388e-08
0.005 0.501 0.0 0.10010999999999999 -4.999999999991123e-10 -3.000000000003e-10 5.1400000000001446e-08 0.0010011319643283795 7.534317593300935e-08 7.228471051984605e-08 7.156259595506858e-08
0.005 0.501 0.005 0.1001 -1.4000000000000123e-09 -3.599999999999437e-09 5.0000000000000044e-08 0.0010010319675215172 7.587068160702567e-08 7.240596157577926e-08 7.179494376876085e-08
0.005 0.501 0.01 0.10011 -3.500000000000725e-09 -1.4999999999999737e-08 4.9000000000004595e-08 0.0010011327734121985 7.573471036377421e-08 7.224577225257619e-08 7.170492154961118e-08
-0.0 0.501 0.01 0.10006000000000001 2.099999999999325e-09 -1.4700000000000823e-08 4.6999999999997046e-08 0.00100063198030045 7.52729582503433e-08 7.224536766380713e-08 7.166352648014781e-08
-0.0 0.501 0.005 0.10006999999999999 1.1499999999999011e-08 -1.0999999999997123e-09 3.150000000000097e-08 0.001000732786511964 7.482268590074856e-08 7.234082657815162e-08 7.150967874443674e-08
-0.0 0.501 -0.0 0.10009 3.000000000003e-10 -3.800000000001025e-09 5.320000000000324e-08 0.0010009327799607724 7.489744250180316e-08 7.243501335288272e-08 7.163667703874052e-08
-0.0 0.501 -0.005 0.10005999999999998 3.3999999999992368e-09 6.7999999999998615e-09 4.609999999999892e-08 0.0010006311907990876 7.487415479086033e-08 7.244305278944627e-08 7.157646908649862e-08
-0.0 0.501 -0.01 0.10004 7.800000000000862e-09 1.5500000000000235e-08 3.469999999999862e-08 0.0010004327963436626 7.486168112997623e-08 7.23877022687492e-08 7.14477330691164e-08
-0.005 0.501 -0.01 0.10006000000000001 1.0999999999997123e-09 1.0100000000000387e-08 4.730000000000012e-08 0.0010006320002878184 7.486068004636516e-08 7.230668313117822e-08 7.151168373661258e-08
-0.005 0.501 -0.005 0.10009 3.6000000000008247e-09 7.500000000000562e-09 4.550000000000387e-08 0.001000931970715293 7.485767823922384e-08 7.228100419944181e-08 7.149283155628705e-08
-0.005 0.501 0.0 0.10008999999999998 3.799999999999637e-09 6.999999999993123e-10 4.489999999999772e-08 0.001000931970715293 7.484168114455537e-08 7.229987477105496e-08 7.151228899682446e-08
-0.005 0.501 0.005 0.10012 1.0999999999999898e-08 -7.000000000000062e-09 3.4800000000001496e-08 0.0010012319611358799 7.484069555203201e-08 7.232968583945167e-08 7.150613647708717e-08
-0.005 0.501 0.01 0.10005999999999998 7.100000000000162e-09 -8.700000000000374e-09 3.7800000000004494e-08 0.0010006335992759786 7.492834500924723e-08 7.24310623780573e-08 7.153964012019645e-08
-0.01 0.501 0.01 0.1001 4.200000000000037e-09 -1.1900000000000798e-08 4.2800000000003943e-08 0.0010010319675215172 7.489944213683483e-08 7.23873653286018e-08 7.155216489811122e-08
-0.01 0.501 0.005 0.10005 4.100000000001325e-09 -6.399999999999462e-09 4.6400000000002e-08 0.0010005327930657747 7.485668246018649e-08 7.22968912190924e-08 7.14945786225454e-08
-0.01 0.501 -0.0 0.10011 -3.1000000000003247e-09 6.40000000000085e-09 4.780000000000339e-08 0.0010011327734121985 7.491634691208107e-08 7.23696946948227e-08 7.152370825339762e-08
-0.01 0.501 -0.005 0.10010000000000001 -4.500000000000337e-09 5.1999999999996495e-09 6.099999999999994e-08 0.0010010319675215174 7.621986353938621e-08 7.258673568706784e-08 7.197472954165938e-08
-0.01 0.501 -0.01 0.10017 1.6000000000002124e-09 1.5700000000000435e-08 3.9700000000003625e-08 0.0010017319451829415 7.572067851785633e-08 7.224274208598771e-08 7.170475055062337e-08
0.0 0.0 0.0 0.10001999999999998 9.199999999999487e-09 -7.3000000000017495e-09 1.0809999999999986e-07 0.0010002328029014044 7.510767823236865e-08 7.236470834812458e-08 7.145500331640102e-08
