-0.01 0.0 -0.01 0.04997 -2.0000000000020003e-10 -1.6700000000000047e-08 5.4200000000004244e-08 0.0004997656550824596 7.508368372121234e-08 7.234035600093702e-08 7.147562256108179e-08
-0.01 0.0 -0.005 0.04995 2.1999999999994245e-09 -7.999999999999675e-09 5.0800000000000845e-08 0.0004995656813673253 7.509567823267984e-08 7.228969363472798e-08 7.142027095965585e-08
-0.01 0.0 0.0 0.04995 -3.799999999999637e-09 -9.700000000001374e-09 6.590000000000207e-08 0.0004995673027731099 7.511173821822167e-08 7.227421577410153e-08 7.139472490068067e-08
-0.01 0.0 0.005 0.049980000000000004 -1.0000000000010001e-10 4.499999999998949e-09 5.6799999999995744e-08 0.000499862441077543 7.512412778983035e-08 7.232836102948741e-08 7.1468687353427e-08
-0.01 0.0 0.01 0.04995 6.599999999999662e-09 9.700000000001374e-09 5.0200000000000244e-08 0.0004995640599562783 7.50586822584872e-08 7.231685743616573e-08 7.140277782245472e-08
-0.005 0.0 0.01 0.049920000000000006 -2.3000000000009123e-09 4.599999999999049e-09 6.579999999999919e-08 0.0004992640984489071 7.511973810917428e-08 7.250699991610643e-08 7.147822616275362e-08
-0.005 0.0 0.005 0.05006 7.799999999999474e-09 6.600000000001049e-09 4.5200000000000795e-08 0.0005006639192112809 7.517491511953184e-08 7.256288976962772e-08 7.15257609365328e-08
-0.005 0.0 -0.0 0.04999999999999999 4.999999999999449e-09 -5.099999999999549e-09 5.789999999999962e-08 0.0005000608362989447 7.516085789030444e-08 7.241114864177476e-08 7.139567884858137e-08
-0.005 0.0 -0.005 0.04999 1.5000000000001123e-09 -1.2000000000000898e-08 5.860000000000309e-08 0.0004999640087046266 7.5126689441104e-08 7.241268281900079e-08 7.142474394195118e-08
-0.005 0.0 -0.01 0.049960000000000004 5.90000000000035e-09 -1.26000000000015e-08 4.66000000000022e-08 0.0004996656682222624 7.513584997972411e-08 7.24637052148515e-08 7.1538632223663e-08
0.0 0.0 -0.01 0.04992 3.699999999999537e-09 -2.1000000000001574e-08 5.399999999999849e-08 0.0004992657208341065 7.519004079653651e-08 7.242049974677858e-08 7.153432124525754e-08
0.0 0.0 -0.005 0.049949999999999994 1.1999999999998124e-09 -1.0900000000002574e-08 5.6299999999998016e-08 0.0004995640999911823 7.509373846503375e-08 7.241586139326192e-08 7.146973147646302e-08
0.0 0.0 0.0 0.049949999999999994 -3.0000000000002246e-09 7.000000000007001e-10 5.939999999999834e-08 0.0004995640599562782 7.509792987801391e-08 7.24939475879162e-08 7.151140279043651e-08
0.0 0.0 0.005 0.04992 6.7999999999998615e-09 -1.0000000000010001e-10 5.339999999999789e-08 0.0004992640984489071 7.51128598504782e-08 7.249468820831233e-08 7.16200350342825e-08
0.0 0.0 0.01 0.049929999999999995 8.400000000000074e-09 1.4000000000000124e-08 4.68000000000024e-08 0.0004993641256638285 7.510569188427598e-08 7.237267932202375e-08 7.152797365883591e-08
0.005 0.0 0.01 0.04998 3.299999999999137e-09 1.2899999999999024e-08 5.430000000000157e-08 0.0004998624410775429 7.512770358835719e-08 7.238769272801272e-08 7.145409859187298e-08
0.005 0.0 0.005 0.04994 4.599999999999049e-09 2.1999999999994245e-09 5.2399999999996896e-08 0.0004994624910841654 7.520392393877188e-08 7.248198385172288e-08 7.148173064604833e-08
0.005 0.0 -0.0 0.04992 7.000000000000062e-09 2.900000000000125e-09 4.969999999999697e-08 0.0004992625161175231 7.514821459737806e-08 7.25149979350953e-08 7.157180877076278e-08
0.005 0.0 -0.005 0.050019999999999995 4.500000000000337e-09 -1.0700000000002374e-08 5.439999999999889e-08 0.0005002655894622374 7.515571872589335e-08 7.231528149644006e-08 7.14400408541986e-08
0.005 0.0 -0.01 0.049890000000000004 7.999999999994123e-10 -1.909999999999967e-08 5.6099999999997816e-08 0.0004989625537051855 7.525887204591863e-08 7.242027046772514e-08 7.15272294030209e-08
0.01 0.0 -0.01 0.05001 1.0000000000010001e-09 -1.0999999999999898e-08 5.359999999999809e-08 0.0005001656025757869 7.514126318160074e-08 7.257702910386628e-08 7.154476444512223e-08
0.01 0.0 -0.005 0.04992 1.2999999999999124e-09 -1.18000000000007e-08 5.72000000000017e-08 0.0004992640984489071 7.508268223576169e-08 7.249972535112237e-08 7.14687876094277e-08
0.01 0.0 0.0 0.049929999999999995 2.8000000000000247e-09 -1.9000000000019e-09 5.729999999999902e-08 0.0004993640856128922 7.51252331358677e-08 7.25711904136961e-08 7.151248108697055e-08
0.01 0.0 0.005 0.050039999999999994 1.9999999999992246e-09 7.399999999999074e-09 5.330000000000057e-08 0.0005004639447552641 7.515085829517913e-08 7.260683001130472e-08 7.155344736346616e-08
0.01 0.0 0.01 0.04995 5.400000000001237e-09 8.400000000000074e-09 5.220000000000225e-08 0.0004995624785750027 7.511911412250012e-08 7.257551913064479e-08 7.151443181226991e-08
0.01 0.026000000000000002 0.01 0.049929999999999995 7.400000000000462e-09 3.55000000000022e-08 1.0140000000000149e-07 0.0004993625035983379 7.501367916443664e-08 7.250468257795803e-08 7.146171074111533e-08
0.01 0.026000000000000002 0.005 0.049969999999999994 1.5199999999999934e-08 9.800000000001474e-09 1.0299999999999753e-07 0.0004997656550824595 7.496789528483269e-08 7.258568478530957e-08 7.150034387072965e-08
0.01 0.026000000000000002 -0.0 0.049949999999999994 8.800000000000474e-09 -2.099999999999325e-09 1.0939999999999839e-07 0.0004995624785750027 7.505985298292499e-08 7.254892293368892e-08 7.144281198619538e-08
0.01 0.026000000000000002 -0.005 0.04995 9.900000000000186e-09 -1.919999999999977e-08 1.0830000000000006e-07 0.0004995640599562783 7.51014438833022e-08 7.256393740974168e-08 7.149827827101634e-08
0.01 0.026000000000000002 -0.01 0.04999999999999999 1.0200000000000487e-08 -3.710000000000102e-08 1.0519999999999974e-07 0.0005000624161042299 7.502672445760896e-08 7.24476807093264e-08 7.145568415889873e-08
0.005 0.026000000000000002 -0.01 0.05002999999999999 9.000000000000675e-09 -3.670000000000062e-08 1.0560000000000014e-07 0.0005003639575349127 7.496568387658271e-08 7.247768066534222e-08 7.152412141723186e-08
0.005 0.026000000000000002 -0.005 0.04999999999999999 6.499999999999562e-09 -2.1199999999999e-08 1.1459999999999804e-07 0.0005000639959045241 7.502534751502802e-08 7.256564873836819e-08 7.15582452251425e-08
0.005 0.026000000000000002 0.0 0.049969999999999994 8.099999999999775e-09 -6.100000000000549e-09 1.1339999999999683e-07 0.0004997624535716944 7.503068969271333e-08 7.247571239594232e-08 7.140971316784757e-08
0.005 0.026000000000000002 0.005 0.05001 9.400000000001073e-09 1.830000000000165e-08 1.0560000000000014e-07 0.0005001639831095398 7.501467858333875e-08 7.248368065672401e-08 7.144468084344535e-08
0.005 0.026000000000000002 0.01 0.049999999999999996 8.699999999998986e-09 2.8599999999998072e-08 1.05999999999995e-07 0.00050006241610423 7.507368098365496e-08 7.261572247509373e-08 7.164689176948452e-08
-0.0 0.026000000000000002 0.01 0.049980000000000004 9.299999999999587e-09 2.5500000000000523e-08 1.0789999999999966e-07 0.0004998640215098503 7.500868975195684e-08 7.247100649711146e-08 7.150631622734489e-08
-0.0 0.026000000000000002 0.005 0.04999 9.900000000000186e-09 1.6599999999999947e-08 1.0639999999999538e-07 0.0004999640087046266 7.505610629088359e-08 7.253470553072948e-08 7.151308699198556e-08
-0.0 0.026000000000000002 -0.0 0.04994 8.400000000000074e-09 -5.1999999999996495e-09 1.1009999999999631e-07 0.0004994656945176515 7.506019418369004e-08 7.260079610439004e-08 7.148487318451349e-08
-0.0 0.026000000000000002 -0.005 0.050019999999999995 9.000000000000675e-09 -2.0700000000001274e-08 1.0739999999999638e-07 0.0005002639703196702 7.508828682661393e-08 7.251507829599901e-08 7.157174373752478e-08
-0.0 0.026000000000000002 -0.01 0.05001 7.400000000000462e-09 -3.830000000000222e-08 1.0629999999999806e-07 0.0005001639831095398 7.503267996964927e-08 7.241884672859934e-08 7.149001116684404e-08
-0.005 0.026000000000000002 -0.01 0.04997 9.199999999999487e-09 -4.310000000000147e-08 1.0100000000000109e-07 0.000499764034320198 7.509610238547319e-08 7.249175756663005e-08 7.150465544830592e-08
-0.005 0.026000000000000002 -0.005 0.04994 7.299999999998974e-09 -2.259999999999762e-08 1.0600000000000054e-07 0.0004994624910841654 7.504367915719606e-08 7.241203816285469e-08 7.14624932555069e-08
-0.005 0.026000000000000002 0.0 0.04997 8.999999999995123e-10 -6.700000000001149e-09 1.1740000000000084e-07 0.0004997656550824596 7.500868230664713e-08 7.243176207941902e-08 7.148101830324856e-08
-0.005 0.026000000000000002 0.005 0.050019999999999995 8.600000000000274e-09 6.999999999998674e-09 1.1200000000000099e-07 0.0005002623911508839 7.478369886498051e-08 7.253171134185526e-08 7.158344498328701e-08
-0.005 0.026000000000000002 0.01 0.04995 1.4100000000000224e-08 2.9899999999999374e-08 1.0330000000000061e-07 0.0004995656813673253 7.484069022517454e-08 7.245385739801761e-08 7.154189529845797e-08
-0.01 0.026000000000000002 0.01 0.04995 1.1599999999999111e-08 2.4799999999999822e-08 1.0229999999999961e-07 0.0004995624785750027 7.490329639367098e-08 7.250189446516346e-08 7.15718877330925e-08
-0.01 0.026000000000000002 0.005 0.04995 1.3299999999999423e-08 7.499999999999174e-09 1.0009999999999741e-07 0.0004995656813673253 7.484068005570031e-08 7.245178179161625e-08 7.14943719364178e-08
-0.01 0.026000000000000002 -0.0 0.05001 7.400000000000462e-09 -2.6999999999999245e-09 1.0319999999999773e-07 0.0005001639831095398 7.489831444479389e-08 7.252169164704156e-08 7.15346550600797e-08
-0.01 0.026000000000000002 -0.005 0.050039999999999994 4.900000000000737e-09 -2.7199999999999446e-08 1.0850000000000026e-07 0.0005004671817412207 7.481632715382569e-08 7.261298198502311e-08 7.160097806810999e-08
-0.01 0.026000000000000002 -0.01 0.04994 3.699999999999537e-09 -4.0100000000001246e-08 1.0270000000000001e-07 0.000499464072782017 7.473272784485159e-08 7.254569147010482e-08 7.153768355999115e-08
-0.01 0.053 -0.01 0.049969999999999994 6.2000000000006494e-09 -1.0960000000000137e-07 2.426999999999957e-07 0.0004997640343201979 7.480567921755572e-08 7.24687190738091e-08 7.147019638703282e-08
-0.01 0.053 -0.005 0.04993999999999999 6.599999999999662e-09 -6.490000000000106e-08 2.581999999999973e-07 0.0004994624910841653 7.488809478449023e-08 7.251731587980114e-08 7.15252368949257e-08
-0.01 0.053 0.0 0.049949999999999994 1.3600000000001111e-08 -1.919999999999977e-08 2.6180000000000093e-07 0.0004995640599562782 7.499025052720214e-08 7.253818406939747e-08 7.151706512251829e-08
-0.01 0.053 0.005 0.049909999999999996 1.1400000000000299e-08 1.9299999999999872e-08 2.7419999999999667e-07 0.0004991641112900646 7.497368386577732e-08 7.247368067112029e-08 7.142085837746234e-08
-0.01 0.053 0.01 0.049929999999999995 3.4399999999999706e-08 7.089999999999874e-08 2.3979999999999557e-07 0.0004993657076732442 7.503082811605068e-08 7.251451680323828e-08 7.146830203591187e-08
-0.005 0.053 0.01 0.04999 2.5999999999999634e-08 7.399999999999906e-08 2.5340000000000363e-07 0.0004999640487075045 7.50532423380993e-08 7.253314073829885e-08 7.150683890643571e-08
-0.005 0.053 0.005 0.050039999999999994 2.450000000000091e-08 2.6200000000001224e-08 2.61100000000003e-07 0.000500462366217481 7.505207904462324e-08 7.249501272853038e-08 7.153189794306232e-08
-0.005 0.053 -0.0 0.04995999999999999 2.1799999999999596e-08 -1.2199999999998323e-08 2.566000000000013e-07 0.0004996672893035924 7.502067858269185e-08 7.243868853529003e-08 7.143262687029853e-08
-0.005 0.053 -0.005 0.04999 1.729999999999926e-08 -6.52999999999987e-08 2.570000000000017e-07 0.0004999624285883891 7.496768105499389e-08 7.249577923623886e-08 7.145592036115045e-08
-0.005 0.053 -0.01 0.04998 1.799999999999996e-08 -1.0809999999999986e-07 2.3839999999999973e-07 0.0004998640215098501 7.495383944012251e-08 7.256067811865476e-08 7.15027690225288e-08
0.0 0.053 -0.01 0.049909999999999996 1.599999999999935e-08 -1.0040000000000049e-07 2.47799999999998e-07 0.0004991657340002416 7.499067811865475e-08 7.25019128883039e-08 7.1523486829238e-08
0.0 0.053 -0.005 0.050039999999999994 1.6400000000001136e-08 -6.49999999999984e-08 2.6559999999999915e-07 0.0005004655632508594 7.497468234004104e-08 7.250283882573435e-08 7.150576553523234e-08
0.0 0.053 0.0 0.049909999999999996 1.7100000000000448e-08 -1.2899999999999024e-08 2.7049999999999576e-07 0.0004991657340002416 7.507896428144218e-08 7.260693390308892e-08 7.157031176155155e-08
0.0 0.053 0.005 0.049909999999999996 2.1899999999999696e-08 3.549999999999942e-08 2.6260000000000173e-07 0.0004991641112900646 7.506286193830208e-08 7.254827927233311e-08 7.149375538176486e-08
0.0 0.053 0.01 0.04999 2.5000000000000022e-08 7.439999999999946e-08 2.558000000000005e-07 0.0004999640487075045 7.501871572294745e-08 7.2528705621197e-08 7.149707369341342e-08
0.005 0.053 0.01 0.04998 1.9600000000000172e-08 8.230000000000182e-08 2.5439999999999905e-07 0.0004998640215098501 7.507894184695689e-08 7.259683081660898e-08 7.162572784407955e-08
0.005 0.053 0.005 0.04998 2.1700000000000886e-08 3.630000000000022e-08 2.670999999999979e-07 0.0004998624410775429 7.49843362706365e-08 7.258560585059538e-08 7.166968281103118e-08
0.005 0.053 -0.0 0.049999999999999996 1.9699999999998886e-08 -1.3200000000002098e-08 2.705000000000013e-07 0.00050006241610423 7.485269019010023e-08 7.25867164977931e-08 7.161717467132333e-08
0.005 0.053 -0.005 0.049960000000000004 2.4899999999999922e-08 -5.269999999999997e-08 2.545999999999993e-07 0.0004996624660708466 7.507903707826419e-08 7.26008236156999e-08 7.15627368020798e-08
0.005 0.053 -0.01 0.04997 2.1200000000000385e-08 -1.0159999999999891e-07 2.5249999999999996e-07 0.0004997656550824596 7.510572828901687e-08 7.2574716744864e-08 7.159096102772434e-08
0.01 0.053 -0.01 0.049960000000000004 2.5300000000000323e-08 -9.909999999999919e-08 2.5390000000000134e-07 0.000499664047135673 7.50326822833913e-08 7.251171171079012e-08 7.14708938775022e-08
0.01 0.053 -0.005 0.049929999999999995 2.339999999999981e-08 -4.819999999999824e-08 2.612000000000003e-07 0.0004993657076732442 7.505268226420783e-08 7.244071973665127e-08 7.141470368637229e-08
0.01 0.053 0.0 0.050039999999999994 2.1799999999999596e-08 -1.0899999999999798e-08 2.680999999999989e-07 0.0005004639447552641 7.502168380178717e-08 7.250321821583529e-08 7.145209972610897e-08
0.01 0.053 0.005 0.04995 1.789999999999986e-08 3.9900000000001045e-08 2.6209999999999846e-07 0.0004995640999911823 7.497976350079459e-08 7.253068800873778e-08 7.14663341250492e-08
0.01 0.053 0.01 0.04998 1.1799999999999312e-08 8.599999999999996e-08 2.566999999999986e-07 0.0004998640215098501 7.501078276854411e-08 7.247972588510992e-08 7.145270372468193e-08
0.01 0.079 0.01 0.04998 3.090000000000037e-08 2.4150000000000004e-07 6.53400000000004e-07 0.0004998640215098501 7.498468233016414e-08 7.242980638612057e-08 7.146196767668149e-08
0.01 0.079 0.005 0.05001 4.249999999999948e-08 1.226999999999978e-07 6.711999999999996e-07 0.0005001640230964239 7.507202492898755e-08 7.246363790142218e-08 7.151820520798365e-08
0.01 0.079 -0.0 0.049969999999999994 4.5800000000000006e-08 -1.3199999999999324e-08 6.896999999999987e-07 0.0004997624535716944 7.508039229695064e-08 7.249912548997996e-08 7.151318668558722e-08
0.01 0.079 -0.005 0.04999999999999999 5.800000000000111e-08 -1.3970000000000094e-07 6.740999999999997e-07 0.0005000639959045241 7.500968102630671e-08 7.243079439379431e-08 7.14578594888722e-08
0.01 0.079 -0.01 0.05002 6.499999999999977e-08 -2.642000000000005e-07 6.446000000000007e-07 0.0005002623911508839 7.509419018091716e-08 7.252235800207787e-08 7.147101094051634e-08
0.005 0.079 -0.01 0.04988 4.190000000000027e-08 -2.799999999999997e-07 6.639000000000006e-07 0.0004988625662444518 7.505512054548009e-08 7.260116641536542e-08 7.154471888504451e-08
0.005 0.079 -0.005 0.049999999999999996 5.6500000000000996e-08 -1.496000000000025e-07 6.742999999999999e-07 0.0005000639959045241 7.495681424459326e-08 7.25118516250111e-08 7.152897390869648e-08
0.005 0.079 0.0 0.04988 4.760000000000042e-08 -2.0299999999998097e-08 6.899000000000044e-07 0.0004988641498444241 7.508123872342847e-08 7.252618686278131e-08 7.150168380763557e-08
0.005 0.079 0.005 0.04995 4.609999999999892e-08 1.0700000000000154e-07 6.846999999999992e-07 0.0004995656813673253 7.50346357965235e-08 7.256080892484117e-08 7.15661405666909e-08
0.005 0.079 0.01 0.04999 4.890000000000033e-08 2.4250000000000107e-07 6.467999999999973e-07 0.0004999640087046266 7.497423649165729e-08 7.254503141068985e-08 7.159592723613525e-08
-0.0 0.079 0.01 0.050019999999999995 5.6599999999999706e-08 2.274999999999999e-07 6.543999999999994e-07 0.0005002640102985622 7.489568779606293e-08 7.2480682638423e-08 7.154363069833741e-08
-0.0 0.079 0.005 0.049909999999999996 6.120000000000014e-08 9.869999999999879e-08 6.703000000000014e-07 0.0004991657340002416 7.498569788469094e-08 7.244290443181364e-08 7.149696559788866e-08
-0.0 0.079 -0.0 0.05002 4.919999999999924e-08 -2.4400000000002197e-08 6.819999999999993e-07 0.0005002639703196703 7.503531128228841e-08 7.252748080469417e-08 7.153970405311037e-08
-0.0 0.079 -0.005 0.04995999999999999 4.070000000000046e-08 -1.6299999999999925e-07 6.813000000000013e-07 0.0004996640471356729 7.496769233051735e-08 7.244867926940237e-08 7.146449109280684e-08
-0.0 0.079 -0.01 0.04998 3.599999999999992e-08 -2.849000000000018e-07 6.490000000000051e-07 0.0004998624410775429 7.494379163000784e-08 7.24351420933437e-08 7.150778413418845e-08
-0.005 0.079 -0.01 0.04992 1.760000000000095e-08 -2.895000000000009e-07 6.419999999999982e-07 0.0004992625161175231 7.50532105595238e-08 7.254194052475608e-08 7.15257523484032e-08
-0.005 0.079 -0.005 0.0499 3.399999999999931e-08 -1.706000000000013e-07 6.693000000000004e-07 0.0004990657471716527 7.503439989508765e-08 7.253202377503084e-08 7.154869959809308e-08
-0.005 0.079 0.0 0.04999 3.9200000000000344e-08 -3.670000000000062e-08 6.84499999999999e-07 0.000499965628818622 7.497968760564352e-08 7.248868261808663e-08 7.147371022807086e-08
-0.005 0.079 0.005 0.04995999999999999 5.900000000000072e-08 9.049999999999891e-08 6.68599999999997e-07 0.0004996624660708465 7.512168730023668e-08 7.253594138733684e-08 7.154945103190362e-08
-0.005 0.079 0.01 0.04995 6.440000000000056e-08 2.137e-07 6.531999999999983e-07 0.0004995640999911823 7.504937930679851e-08 7.246278998722936e-08 7.155657763987463e-08
-0.01 0.079 0.01 0.04998 7.690000000000058e-08 2.0620000000000083e-07 6.315999999999989e-07 0.0004998656419479138 7.496568105637407e-08 7.245070685404966e-08 7.145032803584532e-08
-0.01 0.079 0.005 0.04999 5.6199999999999305e-08 7.790000000000019e-08 6.635000000000002e-07 0.000499965628818622 7.498584782288873e-08 7.254695696458203e-08 7.153937468555968e-08
-0.01 0.079 -0.0 0.05002 3.9600000000000745e-08 -4.839999999999844e-08 6.670999999999982e-07 0.0005002639703196703 7.50897111169319e-08 7.258306376269287e-08 7.152468794660526e-08
-0.01 0.079 -0.005 0.04992 2.2199999999999997e-08 -1.7130000000000202e-07 6.572000000000023e-07 0.0004992657208341065 7.50129923796078e-08 7.246109064146189e-08 7.148602836209317e-08
-0.01 0.079 -0.01 0.04998 1.8000000000004123e-09 -3.013999999999989e-07 6.296000000000024e-07 0.0004998640215098501 7.496670114490825e-08 7.238868884567648e-08 7.142485596765317e-08
-0.01 0.105 -0.01 0.04992 5.1099999999999756e-08 -7.096999999999992e-07 1.698299999999997e-06 0.0004992640984489071 7.494067859146797e-08 7.240974433278533e-08 7.14147235717329e-08
-0.01 0.105 -0.005 0.04995 7.959999999999911e-08 -4.089999999999983e-07 1.751899999999995e-06 0.0004995624785750027 7.494308192736677e-08 7.249567839876678e-08 7.154882846316342e-08
-0.01 0.105 0.0 0.05000999999999999 1.1050000000000088e-07 -9.479999999999766e-08 1.7604999999999982e-06 0.0005001639831095397 7.485594457571153e-08 7.2537301779949e-08 7.156409478125281e-08
-0.01 0.105 0.005 0.04995999999999999 1.3159999999999978e-07 2.1329999999999961e-07 1.7534000000000049e-06 0.0004996640871625655 7.473575575765751e-08 7.256200899129747e-08 7.159370586453821e-08
-0.01 0.105 0.01 0.04994 1.6250000000000014e-07 5.166000000000004e-07 1.710600000000001e-06 0.000499464072782017 7.488667859758193e-08 7.247991580760443e-08 7.147778828023522e-08
-0.005 0.105 0.01 0.050019999999999995 1.4440000000000008e-07 5.382999999999999e-07 1.7296000000000033e-06 0.0005002640102985622 7.492539993628401e-08 7.251845520668304e-08 7.150800991909921e-08
-0.005 0.105 0.005 0.049980000000000004 1.2699999999999932e-07 2.3080000000000045e-07 1.7726999999999993e-06 0.0004998640215098503 7.486668581835888e-08 7.242369242098851e-08 7.147039517124737e-08
-0.005 0.105 -0.0 0.04999 1.125000000000001e-07 -7.740000000000247e-08 1.7857000000000012e-06 0.0004999640087046266 7.493830842415688e-08 7.232613161535467e-08 7.148855857219501e-08
-0.005 0.105 -0.005 0.049999999999999996 9.220000000000061e-08 -3.7629999999999884e-07 1.771600000000001e-06 0.0005000639959045241 7.511672351106732e-08 7.237571445459461e-08 7.154669964947798e-08
-0.005 0.105 -0.01 0.0499 7.929999999999881e-08 -6.920999999999983e-07 1.7256999999999967e-06 0.0004990641241363679 7.502696772895665e-08 7.229990749165287e-08 7.150749428314943e-08
0.0 0.105 -0.01 0.04998 1.0470000000000063e-07 -6.665000000000004e-07 1.7363000000000017e-06 0.0004998640615207298 7.50880757473835e-08 7.230084854977213e-08 7.150561333614106e-08
0.0 0.105 -0.005 0.04993999999999999 1.1120000000000019e-07 -3.512999999999988e-07 1.7745000000000012e-06 0.0004994624910841653 7.511067857320019e-08 7.241967841122349e-08 7.159636993864634e-08
0.0 0.105 0.0 0.04997 1.1680000000000024e-07 -5.749999999999922e-08 1.7930000000000002e-06 0.000499764034320198 7.495347059531444e-08 7.23909459544476e-08 7.160166072230087e-08
0.0 0.105 0.005 0.049890000000000004 1.238000000000003e-07 2.50599999999998e-07 1.7776000000000014e-06 0.0004989625537051855 7.494868236593908e-08 7.232551557177504e-08 7.148770450173323e-08
0.0 0.105 0.01 0.049969999999999994 1.2910000000000004e-07 5.560000000000009e-07 1.7369999999999996e-06 0.0004997640343201979 7.501213949823264e-08 7.244071858060934e-08 7.152978128675998e-08
0.005 0.105 0.01 0.04997 1.1059999999999959e-07 5.705999999999989e-07 1.7351000000000005e-06 0.0004997624535716944 7.502557556818934e-08 7.236968083112994e-08 7.153323146039011e-08
0.005 0.105 0.005 0.04999 1.1530000000000013e-07 2.707999999999988e-07 1.7749000000000014e-06 0.0004999640087046266 7.499568103580662e-08 7.225227793702528e-08 7.147228169007496e-08
0.005 0.105 -0.0 0.04992 1.1940000000000005e-07 -3.17999999999985e-08 1.7879000000000035e-06 0.0004992625161175231 7.498969225744888e-08 7.228794474164531e-08 7.148370334463383e-08
0.005 0.105 -0.005 0.049969999999999994 1.23899999999999e-07 -3.370999999999985e-07 1.7766000000000005e-06 0.0004997640343201979 7.500576298393973e-08 7.232968583945167e-08 7.149147898955592e-08
0.005 0.105 -0.01 0.049969999999999994 1.2769999999999864e-07 -6.351999999999997e-07 1.7305000000000015e-06 0.0004997640343201979 7.503878209152787e-08 7.235634272603988e-08 7.150632753893985e-08
0.01 0.105 -0.01 0.04995 1.482999999999998e-07 -6.185999999999997e-07 1.7228999999999994e-06 0.0004995640999911823 7.492468239012862e-08 7.232373050466087e-08 7.150967999599924e-08
0.01 0.105 -0.005 0.049969999999999994 1.340999999999995e-07 -3.154000000000018e-07 1.766699999999999e-06 0.0004997640343201979 7.490568395893674e-08 7.231268311240477e-08 7.153212196944433e-08
0.01 0.105 0.0 0.049980000000000004 1.1929999999999996e-07 -6.500000000000949e-09 1.7757000000000023e-06 0.0004998640215098503 7.508604941718475e-08 7.234410457858492e-08 7.147051494324278e-08
0.01 0.105 0.005 0.04987 1.126000000000002e-07 2.8960000000000095e-07 1.7561999999999966e-06 0.0004987641627061832 7.504378901038139e-08 7.22547830373698e-08 7.142870318785499e-08
0.01 0.105 0.01 0.04998 9.089999999999931e-08 5.943000000000004e-07 1.719499999999996e-06 0.0004998640215098501 7.501667858312292e-08 7.227883244779459e-08 7.140760853124987e-08
0.01 0.132 0.01 0.04995999999999999 2.464000000000008e-07 7.526999999999978e-07 3.7685000000000025e-06 0.0004996656682222623 7.50857614321472e-08 7.234695315666029e-08 7.150451689321796e-08
0.01 0.132 0.005 0.04997 2.4169999999999884e-07 3.818999999999989e-07 3.741e-06 0.0004997656550824596 7.508635566618954e-08 7.23355036477501e-08 7.145859388931345e-08
0.01 0.132 -0.0 0.049929999999999995 2.474000000000004e-07 2.3699999999998723e-08 3.7248000000000003e-06 0.0004993640856128922 7.501568102225424e-08 7.223668336110971e-08 7.142196568356785e-08
0.01 0.132 -0.005 0.04999 2.432000000000004e-07 -3.3919999999999785e-07 3.741300000000003e-06 0.0004999640487075045 7.498987453854482e-08 7.22277179994753e-08 7.145053891637281e-08
0.01 0.132 -0.01 0.04997 2.3770000000000041e-07 -7.103999999999999e-07 3.7822999999999993e-06 0.000499764034320198 7.515368723410793e-08 7.234368577326021e-08 7.155372497381763e-08
0.005 0.132 -0.01 0.05002 2.5960000000000013e-07 -7.26099999999999e-07 3.772700000000001e-06 0.0005002655894622375 7.509517489707757e-08 7.230716989752492e-08 7.148347822217442e-08
0.005 0.132 -0.005 0.049949999999999994 2.4840000000000003e-07 -3.628999999999993e-07 3.7470000000000003e-06 0.0004995624785750027 7.500770429963156e-08 7.22936860150343e-08 7.143168435995923e-08
0.005 0.132 0.0 0.049999999999999996 2.4270000000000124e-07 2.5999999999998248e-09 3.7310000000000008e-06 0.0005000672354793902 7.499670098373609e-08 7.226573245854131e-08 7.146272067064235e-08
0.005 0.132 0.005 0.049929999999999995 2.428e-07 3.587000000000007e-07 3.7313999999999957e-06 0.0004993657076732442 7.502899121522383e-08 7.233409981371739e-08 7.152670875533454e-08
0.005 0.132 0.01 0.04992999999999999 2.345e-07 7.213000000000025e-07 3.7732000000000044e-06 0.0004993640856128922 7.495771214253542e-08 7.229683069643534e-08 7.14735214839664e-08
-0.0 0.132 0.01 0.04999 2.253999999999992e-07 7.052000000000003e-07 3.775999999999996e-06 0.000499965628818622 7.499690396431432e-08 7.226283403865764e-08 7.143895416521952e-08
-0.0 0.132 0.005 0.04988999999999999 2.345e-07 3.321999999999992e-07 3.7497000000000003e-06 0.0004989625537051853 7.50897111169319e-08 7.23196858874365e-08 7.149782105357827e-08
-0.0 0.132 -0.0 0.05005 2.4109999999999964e-07 -2.5300000000000323e-08 3.744599999999998e-06 0.0005005639319807211 7.498826739300076e-08 7.232384209048156e-08 7.160917909249952e-08
-0.0 0.132 -0.005 0.04995 2.5130000000000014e-07 -3.808000000000006e-07 3.7559000000000008e-06 0.0004995640999911823 7.499967916785024e-08 7.225798868864385e-08 7.152029160668469e-08
-0.0 0.132 -0.01 0.049999999999999996 2.565999999999999e-07 -7.554000000000005e-07 3.8051999999999975e-06 0.0005000639959045241 7.50689649380369e-08 7.229613704275213e-08 7.158134223299507e-08
-0.005 0.132 -0.01 0.049929999999999995 2.803e-07 -7.87400000000002e-07 3.8124999999999965e-06 0.0004993609215787714 7.509140865133991e-08 7.228746282177691e-08 7.151812966518867e-08
-0.005 0.132 -0.005 0.04993999999999999 2.6359999999999995e-07 -4.1329999999999976e-07 3.7737999999999993e-06 0.0004994656945176514 7.504168746983376e-08 7.219585622245241e-08 7.146169476294434e-08
-0.005 0.132 0.0 0.04998 2.368000000000009e-07 -5.5099999999999593e-08 3.773700000000002e-06 0.0004998624410775429 7.50970615948228e-08 7.232970560452398e-08 7.148178770879095e-08
-0.005 0.132 0.005 0.04994 2.3520000000000068e-07 3.138000000000002e-07 3.7578e-06 0.000499464072782017 7.512781678525783e-08 7.227977021282896e-08 7.149380518369593e-08
-0.005 0.132 0.01 0.04995999999999999 2.0820000000000005e-07 6.807999999999981e-07 3.802099999999997e-06 0.0004996640471356729 7.502888237505578e-08 7.229470968399682e-08 7.144197969803224e-08
-0.01 0.132 0.01 0.04993999999999999 2.0589999999999914e-07 6.669000000000009e-07 3.822600000000004e-06 0.0004994624910841653 7.497772041982778e-08 7.23177904358249e-08 7.145915523921356e-08
-0.01 0.132 0.005 0.049999999999999996 2.3169999999999996e-07 2.956000000000014e-07 3.7818000000000016e-06 0.0005000639959045241 7.502272450059454e-08 7.241935245860372e-08 7.1535262862632e-08
-0.01 0.132 -0.0 0.04995999999999999 2.5140000000000025e-07 -8.289999999999964e-08 3.7814000000000016e-06 0.0004996640471356729 7.50443982295987e-08 7.233441762978331e-08 7.150648965413285e-08
-0.01 0.132 -0.005 0.049929999999999995 2.8419999999999975e-07 -4.4599999999999915e-07 3.7800999999999975e-06 0.0004993625035983379 7.499769782936288e-08 7.230469819381066e-08 7.144300864512487e-08
-0.01 0.132 -0.01 0.04992 2.9810000000000117e-07 -8.287000000000017e-07 3.836499999999998e-06 0.0004992657208341065 7.50347965259142e-08 7.23038165307207e-08 7.148047419554785e-08
-0.01 0.158 -0.01 0.050019999999999995 4.002000000000006e-07 -2.008999999999983e-07 5.138499999999996e-06 0.0005002640102985622 7.505094354832608e-08 7.23344792148485e-08 7.149489875087505e-08
-0.01 0.158 -0.005 0.04995 3.6609999999999976e-07 -9.389999999999954e-08 5.067499999999997e-06 0.0004995656813673253 7.50737788509322e-08 7.237948847336856e-08 7.148470654190547e-08
-0.01 0.158 0.0 0.04994 3.3209999999999906e-07 6.000000000006e-10 5.049599999999998e-06 0.000499464072782017 7.50137200659288e-08 7.224984997390679e-08 7.14698408153147e-08
-0.01 0.158 0.005 0.04998 2.984000000000001e-07 1.0850000000000026e-07 5.070200000000003e-06 0.0004998640215098501 7.498470104793344e-08 7.228990894408846e-08 7.150252911473924e-08
-0.01 0.158 0.01 0.04998 2.694000000000002e-07 2.0900000000000085e-07 5.123800000000001e-06 0.0004998624410775429 7.498000710574395e-08 7.232692067470876e-08 7.149767875397852e-08
-0.005 0.158 0.01 0.04999 2.832000000000001e-07 2.1970000000000044e-07 5.101299999999997e-06 0.000499965628818622 7.488171276248115e-08 7.24077019841322e-08 7.157713065630469e-08
-0.005 0.158 0.005 0.04999 3.050000000000011e-07 1.2010000000000076e-07 5.037799999999998e-06 0.0004999624285883891 7.490274682038186e-08 7.234091859171388e-08 7.152851551080554e-08
-0.005 0.158 -0.0 0.04994 3.265999999999991e-07 1.0999999999999898e-08 5.019099999999998e-06 0.000499464072782017 7.508774951400576e-08 7.240383434298847e-08 7.158684362813342e-08
-0.005 0.158 -0.005 0.04998 3.5329999999999944e-07 -1.0060000000000069e-07 5.0406000000000005e-06 0.0004998640215098501 7.506454743226536e-08 7.236320406398815e-08 7.15337504119559e-08
-0.005 0.158 -0.01 0.05001 3.699000000000008e-07 -1.9699999999999995e-07 5.105199999999999e-06 0.0005001639831095398 7.500870091989721e-08 7.229475892467444e-08 7.147415568872477e-08
0.0 0.158 -0.01 0.04994 3.5020000000000053e-07 -1.9910000000000204e-07 5.0761e-06 0.0004994656945176515 7.514467992289436e-08 7.239168079563062e-08 7.153713198911578e-08
0.0 0.158 -0.005 0.04995999999999999 3.320000000000003e-07 -9.599999999999886e-08 5.027199999999998e-06 0.0004996640471356729 7.507846680401946e-08 7.234950330762398e-08 7.15084750853073e-08
0.0 0.158 0.0 0.049909999999999996 3.244000000000011e-07 2.3299999999998323e-08 4.997899999999999e-06 0.0004991625286417241 7.492769815654881e-08 7.230670944666808e-08 7.155799033973975e-08
0.0 0.158 0.005 0.05002 3.0400000000000013e-07 1.2490000000000001e-07 5.030299999999998e-06 0.0005002623911508839 7.50326822833913e-08 7.222588437524163e-08 7.155254271584364e-08
0.0 0.158 0.01 0.04995 3.012000000000001e-07 2.356999999999998e-07 5.0806999999999995e-06 0.0004995624785750027 7.503795555371713e-08 7.24545141201182e-08 7.151676744372984e-08
0.005 0.158 0.01 0.05002 3.214999999999996e-07 2.4980000000000003e-07 5.071399999999998e-06 0.0005002623911508839 7.500084641372198e-08 7.239270784490813e-08 7.148671935467253e-08
0.005 0.158 0.005 0.049980000000000004 3.141999999999992e-07 1.343000000000011e-07 5.0257e-06 0.0004998640215098503 7.492895122503372e-08 7.229313443716721e-08 7.147688957771811e-08
0.005 0.158 -0.0 0.04998 3.1909999999999994e-07 2.439999999999942e-08 4.997899999999999e-06 0.0004998640615207298 7.483271741977744e-08 7.22628636745726e-08 7.14716275256458e-08
0.005 0.158 -0.005 0.04997 3.1840000000000063e-07 -8.809999999999929e-08 5.021999999999999e-06 0.000499764034320198 7.491355808363115e-08 7.236081750670656e-08 7.150800991909921e-08
0.005 0.158 -0.01 0.04992 3.2019999999999965e-07 -1.999000000000001e-07 5.082199999999998e-06 0.0004992657208341065 7.486472626474069e-08 7.224883545781093e-08 7.14597468738435e-08
0.01 0.158 -0.01 0.050039999999999994 3.036999999999998e-07 -1.8819999999999948e-07 5.079400000000001e-06 0.0005004639447552641 7.49071361489465e-08 7.23368226386775e-08 7.151035930512847e-08
0.01 0.158 -0.005 0.049929999999999995 3.0899999999999955e-07 -8.140000000000091e-08 5.025000000000002e-06 0.0004993657076732442 7.490977564074209e-08 7.2359629300467e-08 7.156152710643109e-08
0.01 0.158 0.0 0.04993999999999999 3.183000000000005e-07 2.9000000000001246e-08 5.007800000000001e-06 0.0004994656945176514 7.486469015522856e-08 7.22576861987888e-08 7.143202131020785e-08
0.01 0.158 0.005 0.04995999999999999 3.3330000000000026e-07 1.488000000000017e-07 5.019199999999996e-06 0.0004996656682222623 7.483199368531548e-08 7.237839811913446e-08 7.159435453001811e-08
0.01 0.158 0.01 0.04994 3.4499999999999945e-07 2.5330000000000077e-07 5.084100000000003e-06 0.0004994656945176515 7.479289418349013e-08 7.241779557214178e-08 7.158209650267016e-08
0.01 0.185 0.01 0.04999999999999999 3.259000000000012e-07 -1.2649999999999884e-07 5.0355999999999955e-06 0.0005000639959045241 7.483242532099504e-08 7.244771467555274e-08 7.15872817919302e-08
0.01 0.185 0.005 0.04995 3.2150000000000097e-07 -5.139999999999867e-08 5.013999999999996e-06 0.0004995640599562783 7.48167175729221e-08 7.229875872114318e-08 7.147089519291711e-08
0.01 0.185 -0.0 0.05001 3.3059999999999895e-07 2.6099999999998348e-08 4.989100000000002e-06 0.0005001639831095398 7.487967919805015e-08 7.22737705663366e-08 7.141779762764882e-08
0.01 0.185 -0.005 0.049960000000000004 3.1190000000000104e-07 1.0410000000000142e-07 5.010599999999998e-06 0.000499664047135673 7.483567823986687e-08 7.225476101798367e-08 7.148992134127527e-08
0.01 0.185 -0.01 0.049960000000000004 3.113999999999992e-07 1.804e-07 5.0346e-06 0.0004996656682222624 7.494367800053521e-08 7.234122465279599e-08 7.150864553653597e-08
0.005 0.185 -0.01 0.049960000000000004 3.141000000000005e-07 1.8720000000000125e-07 5.030499999999999e-06 0.000499664047135673 7.487071706078017e-08 7.220768646866487e-08 7.146489294216329e-08
0.005 0.185 -0.005 0.049960000000000004 3.15e-07 1.0759999999999936e-07 5.005800000000005e-06 0.000499664047135673 7.48607017330454e-08 7.224971742939376e-08 7.148693580782763e-08
0.005 0.185 0.0 0.05005 3.1160000000000075e-07 2.7099999999999346e-08 5.009000000000002e-06 0.0005005623537582505 7.486270894705669e-08 7.229267938287676e-08 7.148775597833164e-08
0.005 0.185 0.005 0.04992 3.1079999999999995e-07 -4.22999999999979e-08 5.016599999999999e-06 0.0004992657208341065 7.487475928981365e-08 7.225768102750788e-08 7.146371065447244e-08
0.005 0.185 0.01 0.04998 3.189999999999998e-07 -1.258000000000009e-07 5.036800000000002e-06 0.0004998640215098501 7.48537129966156e-08 7.223767844609415e-08 7.147173133624207e-08
-0.0 0.185 0.01 0.049929999999999995 3.137999999999988e-07 -1.235999999999987e-07 5.0373e-06 0.0004993640856128922 7.497368761899603e-08 7.234368577326021e-08 7.159167868619147e-08
-0.0 0.185 0.005 0.049949999999999994 3.18199999999999e-07 -3.5300000000002e-08 5.004599999999998e-06 0.0004995640999911823 7.491838271855243e-08 7.235688405959897e-08 7.1557226404342e-08
-0.0 0.185 -0.0 0.049969999999999994 3.1979999999999925e-07 3.4000000000000695e-08 5.001e-06 0.0004997640343201979 7.480169877369916e-08 7.229104389909927e-08 7.15027690225288e-08
-0.0 0.185 -0.005 0.04998 3.164e-07 1.1290000000000189e-07 5.010599999999998e-06 0.0004998656419479138 7.492582343050345e-08 7.234939529986695e-08 7.152651756364378e-08
-0.0 0.185 -0.01 0.04997 3.3180000000000015e-07 1.9490000000000064e-07 5.018899999999999e-06 0.0004997624535716944 7.493857333968378e-08 7.230525956844025e-08 7.150908904042375e-08
-0.005 0.185 -0.01 0.04995999999999999 3.277000000000002e-07 1.982999999999985e-07 5.036299999999999e-06 0.0004996656682222623 7.483769859352521e-08 7.223577286980959e-08 7.146458660116441e-08
-0.005 0.185 -0.005 0.04999 3.239999999999993e-07 1.218999999999998e-07 5.009799999999997e-06 0.0004999640487075045 7.484085293335691e-08 7.230675142524189e-08 7.161572286892958e-08
-0.005 0.185 0.0 0.05005 3.2029999999999976e-07 4.099999999999937e-08 5.0031e-06 0.0005005655501530244 7.483298135834977e-08 7.240863512635549e-08 7.157238920712932e-08
-0.005 0.185 0.005 0.05002999999999999 3.1729999999999954e-07 -4.089999999999927e-08 5.012899999999998e-06 0.0005003639575349127 7.477696143391945e-08 7.23106893686152e-08 7.149346544609433e-08
-0.005 0.185 0.01 0.04995 3.1589999999999954e-07 -1.1440000000000061e-07 5.029299999999998e-06 0.0004995640599562783 7.480669569674203e-08 7.22856936741335e-08 7.14408301576165e-08
-0.01 0.185 0.01 0.04995999999999999 3.1109999999999886e-07 -1.1889999999999956e-07 5.041499999999999e-06 0.0004996640871625655 7.477670959910348e-08 7.231773070024629e-08 7.144706931903672e-08
-0.01 0.185 0.005 0.05002999999999999 3.1619999999999983e-07 -3.669999999999785e-08 5.019099999999998e-06 0.0005003639575349127 7.473474968859483e-08 7.232819782487165e-08 7.145985633510262e-08
-0.01 0.185 -0.0 0.049949999999999994 3.1619999999999983e-07 5.210000000000215e-08 5.0097000000000005e-06 0.0004995624785750027 7.479470946035624e-08 7.237586579576506e-08 7.142573475976789e-08
-0.01 0.185 -0.005 0.049909999999999996 3.275e-07 1.2569999999999804e-07 5.0182000000000005e-06 0.0004991641112900646 7.47727022446294e-08 7.232877823916646e-08 7.147562256108179e-08
-0.01 0.185 -0.01 0.05001 3.3210000000000044e-07 2.1740000000000093e-07 5.040499999999998e-06 0.0005001640230964239 7.4895683972892e-08 7.242124410685867e-08 7.154076486111002e-08
-0.01 0.21100000000000002 -0.01 0.04995 2.7710000000000097e-07 3.0210000000000237e-07 4.4296e-06 0.0004995624785750027 7.484753102877858e-08 7.231355553130988e-08 7.154175091931665e-08
-0.01 0.21100000000000002 -0.005 0.049909999999999996 2.795999999999993e-07 1.7329999999999846e-07 4.428399999999999e-06 0.0004991625286417241 7.47757057938373e-08 7.229473998613342e-08 7.146795745945312e-08
-0.01 0.21100000000000002 0.0 0.04998 2.843999999999999e-07 5.389999999999839e-08 4.422900000000002e-06 0.0004998640615207298 7.485285242691364e-08 7.233436528064133e-08 7.151219792502263e-08
-0.01 0.21100000000000002 0.005 0.04999 2.914e-07 -8.290000000000242e-08 4.433000000000004e-06 0.0004999640087046266 7.480573196445459e-08 7.232181498434929e-08 7.15133984933806e-08
-0.01 0.21100000000000002 0.01 0.04998 2.97e-07 -2.017999999999992e-07 4.435e-06 0.0004998624410775429 7.475978197012609e-08 7.231371585994471e-08 7.142735517284304e-08
-0.005 0.21100000000000002 0.01 0.049960000000000004 2.9309999999999894e-07 -2.0649999999999836e-07 4.431600000000003e-06 0.000499664047135673 7.480468007273343e-08 7.223097414246065e-08 7.143969526522951e-08
-0.005 0.21100000000000002 0.005 0.04992 2.894000000000008e-07 -8.900000000000019e-08 4.433299999999995e-06 0.0004992640984489071 7.485773128928086e-08 7.234939529986695e-08 7.155925339522132e-08
-0.005 0.21100000000000002 -0.0 0.04999 2.857999999999999e-07 4.320000000000157e-08 4.423099999999997e-06 0.0004999640087046266 7.485733846162957e-08 7.237095098779404e-08 7.151556444603272e-08
-0.005 0.21100000000000002 -0.005 0.04989999999999999 2.822000000000005e-07 1.667000000000002e-07 4.426600000000003e-06 0.0004990625411709438 7.478470217356656e-08 7.231797709519894e-08 7.143983242331187e-08
-0.005 0.21100000000000002 -0.01 0.049960000000000004 2.7910000000000016e-07 2.915000000000001e-07 4.432899999999995e-06 0.0004996656682222624 7.479402209143001e-08 7.233441762978331e-08 7.157695751931023e-08
0.0 0.21100000000000002 -0.01 0.04999 2.724000000000004e-07 2.878999999999993e-07 4.436899999999999e-06 0.0004999640087046266 7.474176854185293e-08 7.227467939742662e-08 7.155399182066606e-08
0.0 0.21100000000000002 -0.005 0.04999 2.799999999999997e-07 1.575999999999994e-07 4.4335999999999985e-06 0.000499965628818622 7.477590554156728e-08 7.224991494253859e-08 7.150692933529433e-08
0.0 0.21100000000000002 0.0 0.049999999999999996 2.741999999999994e-07 3.0099999999999575e-08 4.443900000000001e-06 0.0005000656156945806 7.479773206985237e-08 7.228470988453498e-08 7.145706407779386e-08
0.0 0.21100000000000002 0.005 0.04995999999999999 2.872e-07 -8.760000000000157e-08 4.430400000000001e-06 0.0004996656682222623 7.482416058488699e-08 7.233645547118492e-08 7.15280605260994e-08
0.0 0.21100000000000002 0.01 0.049949999999999994 2.8659999999999935e-07 -2.1869999999999946e-07 4.4431e-06 0.0004995656813673252 7.484447177581763e-08 7.234235700863281e-08 7.152366274335562e-08
0.005 0.21100000000000002 0.01 0.05005 2.7990000000000096e-07 -2.2780000000000023e-07 4.449599999999998e-06 0.0005005639719356557 7.480070207946477e-08 7.229571628854216e-08 7.144721053477777e-08
0.005 0.21100000000000002 0.005 0.049999999999999996 2.886e-07 -9.950000000000237e-08 4.435e-06 0.0005000656156945806 7.485485234279157e-08 7.229984456682814e-08 7.150683890643571e-08
0.005 0.21100000000000002 -0.0 0.04992 2.8699999999999975e-07 2.3800000000001596e-08 4.426200000000003e-06 0.0004992640984489071 7.488164922860026e-08 7.234681564343682e-08 7.151339600184909e-08
0.005 0.21100000000000002 -0.005 0.04993999999999999 2.801999999999999e-07 1.4959999999999972e-07 4.4323e-06 0.000499464072782017 7.481369871328989e-08 7.224071079804432e-08 7.145764532007661e-08
0.005 0.21100000000000002 -0.01 0.050059999999999986 2.7760000000000005e-07 2.762999999999988e-07 4.436399999999996e-06 0.0005006655370604211 7.486285850972642e-08 7.236898689569238e-08 7.153722273330057e-08
0.01 0.21100000000000002 -0.01 0.049969999999999994 2.8280000000000113e-07 2.6529999999999886e-07 4.4331999999999985e-06 0.0004997640343201979 7.492468001708812e-08 7.240970195603903e-08 7.154983245487665e-08
0.01 0.21100000000000002 -0.005 0.050039999999999994 2.8350000000000044e-07 1.4160000000000005e-07 4.4316999999999994e-06 0.0005004655632508594 7.484612803371842e-08 7.238306563355673e-08 7.149054990298857e-08
0.01 0.21100000000000002 0.0 0.04992 2.8799999999999935e-07 1.609999999999945e-08 4.4243000000000035e-06 0.0004992640984489071 7.481668250248096e-08 7.227486225103815e-08 7.144107253265312e-08
0.01 0.21100000000000002 0.005 0.049929999999999995 2.7700000000000085e-07 -1.1309999999999931e-07 4.4440000000000035e-06 0.0004993625035983379 7.487693207154817e-08 7.234332627425963e-08 7.149835317856208e-08
0.01 0.21100000000000002 0.01 0.049969999999999994 2.8200000000000033e-07 -2.3010000000000252e-07 4.440299999999997e-06 0.0004997640343201979 7.483181024466092e-08 7.230075861976154e-08 7.150293312810563e-08
0.01 0.237 0.01 0.04998 2.3140000000000105e-07 -2.3120000000000085e-07 3.792899999999999e-06 0.0004998640215098501 7.479883662830186e-08 7.229300172651758e-08 7.146480808092917e-08
0.01 0.237 0.005 0.04995999999999999 2.3969999999999964e-07 -1.0599999999999776e-07 3.7800000000000002e-06 0.0004996656682222623 7.476470969228613e-08 7.229070976390747e-08 7.153771257984727e-08
0.01 0.237 -0.0 0.04999 2.367000000000008e-07 5.90000000000035e-09 3.7882000000000025e-06 0.0004999640087046266 7.473094129411977e-08 7.23524095217777e-08 7.170798348813794e-08
0.01 0.237 -0.005 0.049929999999999995 2.359e-07 1.247999999999999e-07 3.787800000000002e-06 0.0004993625035983379 7.478958483492077e-08 7.232971733992149e-08 7.161355352534164e-08
0.01 0.237 -0.01 0.049909999999999996 2.359e-07 2.4209999999999786e-07 3.7826000000000025e-06 0.0004991641112900646 7.48056987535234e-08 7.226768614689353e-08 7.151372855293644e-08
0.005 0.237 -0.01 0.049960000000000004 2.367999999999995e-07 2.465999999999996e-07 3.781900000000005e-06 0.000499664047135673 7.486900326226727e-08 7.231692218479165e-08 7.156130847315665e-08
0.005 0.237 -0.005 0.049999999999999996 2.3810000000000082e-07 1.3319999999999998e-07 3.7858000000000002e-06 0.0005000639959045241 7.489396510378977e-08 7.238884974277429e-08 7.159767868235243e-08
0.005 0.237 0.0 0.049929999999999995 2.374000000000001e-07 1.4500000000000623e-08 3.788999999999998e-06 0.0004993640856128922 7.483382667285457e-08 7.225093264307597e-08 7.15286878985474e-08
0.005 0.237 0.005 0.04994 2.3889999999999884e-07 -1.0690000000000144e-07 3.7914999999999975e-06 0.0004994609093813048 7.482068590453546e-08 7.217481472430328e-08 7.151370862866044e-08
0.005 0.237 0.01 0.04995 2.3979999999999975e-07 -2.165e-07 3.783499999999995e-06 0.0004995640599562783 7.487902791203822e-08 7.230692183438241e-08 7.155103161570228e-08
-0.0 0.237 0.01 0.04998 2.4330000000000044e-07 -2.1250000000000157e-07 3.7883e-06 0.0004998640215098501 7.488560566293621e-08 7.22974660692014e-08 7.156099217828214e-08
-0.0 0.237 0.005 0.0499 2.4020000000000015e-07 -9.680000000000244e-08 3.7919000000000035e-06 0.0004990625411709439 7.476291700598606e-08 7.221672592666086e-08 7.155599107845131e-08
-0.0 0.237 -0.0 0.04995999999999999 2.4049999999999906e-07 2.9999999999999475e-08 3.7816000000000016e-06 0.0004996624660708465 7.481969868321756e-08 7.223276221619996e-08 7.149821224489946e-08
-0.0 0.237 -0.005 0.049969999999999994 2.359e-07 1.364000000000004e-07 3.7878999999999998e-06 0.0004997640343201979 7.492196319568291e-08 7.232774769044195e-08 7.154763450939444e-08
-0.0 0.237 -0.01 0.049969999999999994 2.332999999999988e-07 2.6309999999999944e-07 3.7786000000000044e-06 0.0004997640343201979 7.482883547358912e-08 7.226987855477579e-08 7.147008973299839e-08
-0.005 0.237 -0.01 0.04998 2.3350000000000036e-07 2.73799999999999e-07 3.7723000000000007e-06 0.0004998656419479138 7.479367824111374e-08 7.2263848424835e-08 7.149559849678238e-08
-0.005 0.237 -0.005 0.05005 2.354999999999996e-07 1.469999999999999e-07 3.783399999999998e-06 0.0005005655501530244 7.486314100229381e-08 7.233854789231602e-08 7.151297980754741e-08
-0.005 0.237 0.0 0.050019999999999995 2.4129999999999986e-07 3.750000000000142e-08 3.7818000000000016e-06 0.0005002655894622374 7.480923615777046e-08 7.233636320501067e-08 7.158076087333962e-08
-0.005 0.237 0.005 0.049929999999999995 2.452999999999997e-07 -8.510000000000184e-08 3.784700000000002e-06 0.0004993640856128922 7.479069037353831e-08 7.226271033481523e-08 7.146494332400364e-08
-0.005 0.237 0.01 0.04995999999999999 2.461999999999992e-07 -2.0600000000000063e-07 3.7912999999999975e-06 0.0004996608850010174 7.482157777688044e-08 7.231520421691555e-08 7.154570745945663e-08
-0.01 0.237 0.01 0.04995999999999999 2.5560000000000025e-07 -1.909999999999995e-07 3.780899999999998e-06 0.0004996624660708465 7.477967357208058e-08 7.232932508448765e-08 7.159895059937225e-08
-0.01 0.237 0.005 0.049909999999999996 2.482999999999999e-07 -7.479999999999986e-08 3.7780000000000035e-06 0.0004991625286417241 7.472670999103824e-08 7.225293231300795e-08 7.15517274632238e-08
-0.01 0.237 -0.0 0.049890000000000004 2.4200000000000055e-07 4.0500000000001646e-08 3.780100000000003e-06 0.00049896413698782 7.486495543246037e-08 7.227956880955709e-08 7.148566715083521e-08
-0.01 0.237 -0.005 0.04995999999999999 2.350999999999992e-07 1.6680000000000028e-07 3.7719000000000003e-06 0.0004996640471356729 7.488508106997607e-08 7.230753565769824e-08 7.149759615758893e-08
-0.01 0.237 -0.01 0.049960000000000004 2.2940000000000043e-07 2.7609999999999856e-07 3.770200000000001e-06 0.000499664047135673 7.487250584214356e-08 7.2278153796297e-08 7.15132988260876e-08
-0.01 0.264 -0.01 0.049960000000000004 1.889000000000002e-07 2.3150000000000114e-07 3.1914999999999973e-06 0.0004996624660708466 7.472168422685255e-08 7.229768599513175e-08 7.153273894365495e-08
-0.01 0.264 -0.005 0.04989999999999999 1.899999999999999e-07 1.2989999999999946e-07 3.2026e-06 0.0004990625411709438 7.476569303847935e-08 7.225370436600118e-08 7.148935006498389e-08
-0.01 0.264 0.0 0.04995 1.891000000000004e-07 3.4200000000000895e-08 3.212999999999999e-06 0.0004995640599562783 7.486180928979354e-08 7.228257188096823e-08 7.156151417806926e-08
-0.01 0.264 0.005 0.049909999999999996 2.0490000000000091e-07 -5.430000000000157e-08 3.1945e-06 0.0004991625286417241 7.485212738189583e-08 7.226265298958533e-08 7.154130438840549e-08
-0.01 0.264 0.01 0.05002999999999999 2.0999999999999907e-07 -1.5499999999999957e-07 3.1954999999999955e-06 0.0005003639575349127 7.480168410740618e-08 7.224973302345835e-08 7.149982069132461e-08
-0.005 0.264 0.01 0.049960000000000004 2.014000000000002e-07 -1.6200000000000103e-07 3.207599999999999e-06 0.000499664047135673 7.487293231560141e-08 7.228071315011106e-08 7.153491716165138e-08
-0.005 0.264 0.005 0.049920000000000006 2.0540000000000003e-07 -6.390000000000006e-08 3.1972e-06 0.0004992657208341066 7.487156696600456e-08 7.23186190379674e-08 7.153894860587496e-08
-0.005 0.264 -0.0 0.049960000000000004 1.9809999999999966e-07 2.7099999999999346e-08 3.2066000000000037e-06 0.0004996672893035926 7.481069567959276e-08 7.220368649103584e-08 7.152668792251743e-08
-0.005 0.264 -0.005 0.049929999999999995 1.9259999999999973e-07 1.243999999999995e-07 3.2061999999999978e-06 0.0004993625035983379 7.487130114892318e-08 7.225617480257226e-08 7.158580668063866e-08
-0.005 0.264 -0.01 0.049960000000000004 1.8640000000000045e-07 2.1980000000000055e-07 3.2057e-06 0.0004996624660708466 7.495369803376239e-08 7.236383812301005e-08 7.159429455127696e-08
0.0 0.264 -0.01 0.04992 1.8600000000000005e-07 2.0820000000000005e-07 3.2172000000000033e-06 0.0004992657208341065 7.481264374503439e-08 7.23132285858788e-08 7.157838429012065e-08
0.0 0.264 -0.005 0.04994 2.001000000000003e-07 1.2060000000000125e-07 3.2013000000000014e-06 0.0004994624910841654 7.481668591212033e-08 7.224369410030662e-08 7.149868827087362e-08
0.0 0.264 0.0 0.049960000000000004 1.9619999999999915e-07 2.1500000000002072e-08 3.2113e-06 0.0004996624660708466 7.483472685745502e-08 7.228067748171196e-08 7.158770605435578e-08
0.0 0.264 0.005 0.04995 1.9600000000000035e-07 -7.479999999999986e-08 3.213200000000005e-06 0.0004995656813673253 7.477335211492864e-08 7.227990340522134e-08 7.163813701262257e-08
0.0 0.264 0.01 0.04999 2.0469999999999934e-07 -1.6499999999999847e-07 3.1984000000000014e-06 0.0004999640087046266 7.470867861890485e-08 7.221373433849486e-08 7.15581543720094e-08
0.005 0.264 0.01 0.049909999999999996 2.003000000000005e-07 -1.7580000000000095e-07 3.201900000000002e-06 0.0004991641112900646 7.476669044605219e-08 7.22377963197119e-08 7.14698408153147e-08
0.005 0.264 0.005 0.049949999999999994 2.012e-07 -8.060000000000011e-08 3.204600000000002e-06 0.0004995624785750027 7.481172213207378e-08 7.224955693129726e-08 7.147671989297258e-08
0.005 0.264 -0.0 0.049969999999999994 1.9380000000000093e-07 1.6599999999999947e-08 3.212900000000002e-06 0.0004997640343201979 7.482076035627482e-08 7.225639284007006e-08 7.148467811865476e-08
0.005 0.264 -0.005 0.04989999999999999 1.9759999999999918e-07 1.0600000000000054e-07 3.211799999999998e-06 0.0004990657471716527 7.47719274338286e-08 7.225573281024337e-08 7.14803027024617e-08
0.005 0.264 -0.01 0.049949999999999994 1.9559999999999995e-07 2.0729999999999916e-07 3.204999999999997e-06 0.0004995640599562782 7.486194419058992e-08 7.227528989158759e-08 7.153566417914306e-08
0.01 0.264 -0.01 0.049969999999999994 2.021999999999996e-07 1.9879999999999897e-07 3.203e-06 0.0004997640343201979 7.488560566293621e-08 7.233055465716008e-08 7.152975198589752e-08
0.01 0.264 -0.005 0.0499 1.9570000000000004e-07 9.929999999999939e-08 3.2147999999999955e-06 0.0004990625411709439 7.477669582643716e-08 7.226874101854038e-08 7.148981096997088e-08
0.01 0.264 0.0 0.04998 1.8630000000000036e-07 1.17000000000006e-08 3.220200000000001e-06 0.0004998624410775429 7.48787721674977e-08 7.237034374762947e-08 7.152912176362978e-08
0.01 0.264 0.005 0.049890000000000004 1.9330000000000041e-07 -8.869999999999989e-08 3.213400000000005e-06 0.0004989609704175268 7.488586027036981e-08 7.237169286873978e-08 7.155193669959168e-08
0.01 0.264 0.01 0.04998 1.887e-07 -1.8179999999999862e-07 3.2133000000000023e-06 0.0004998624410775429 7.481480287309388e-08 7.22729290588049e-08 7.146068078531668e-08
0.01 0.29 0.01 0.049999999999999996 1.6909999999999981e-07 -1.45300000000001e-07 2.7561e-06 0.0005000639959045241 7.47906800794386e-08 7.221969435448524e-08 7.143598219281951e-08
0.01 0.29 0.005 0.04998 1.6439999999999928e-07 -7.160000000000222e-08 2.7666000000000024e-06 0.0004998640215098501 7.478410542253536e-08 7.231429527994981e-08 7.158264256747134e-08
0.01 0.29 -0.0 0.049929999999999995 1.679e-07 1.4900000000001023e-08 2.7588e-06 0.0004993640856128922 7.485733846162957e-08 7.228902282118332e-08 7.153970767180712e-08
0.01 0.29 -0.005 0.05005 1.6580000000000068e-07 8.439999999999836e-08 2.7666000000000024e-06 0.0005005639319807211 7.478168118915225e-08 7.220076402221871e-08 7.149797729939865e-08
0.01 0.29 -0.01 0.049960000000000004 1.667000000000002e-07 1.6599999999999947e-07 2.7619000000000006e-06 0.0004996640871625657 7.479368411914018e-08 7.21647661490023e-08 7.158074133474885e-08
0.005 0.29 -0.01 0.04997 1.682000000000003e-07 1.7609999999999849e-07 2.7551000000000048e-06 0.000499764034320198 7.48022599643472e-08 7.231517679425409e-08 7.16517806635456e-08
0.005 0.29 -0.005 0.04998 1.6720000000000068e-07 8.799999999999919e-08 2.765200000000001e-06 0.0004998672623807244 7.478324585903674e-08 7.226569387420194e-08 7.165764379913108e-08
0.005 0.29 0.0 0.04995999999999999 1.6560000000000048e-07 1.5000000000001124e-08 2.7639999999999997e-06 0.0004996624660708465 7.470169327773396e-08 7.22327425062547e-08 7.161365541626528e-08
0.005 0.29 0.005 0.04999 1.667999999999989e-07 -6.379999999999996e-08 2.764300000000003e-06 0.0004999640087046266 7.486900326226727e-08 7.229640571190651e-08 7.157131160626722e-08
0.005 0.29 0.01 0.04997 1.669000000000004e-07 -1.46099999999999e-07 2.7639999999999997e-06 0.000499764034320198 7.485965437792643e-08 7.233897600294989e-08 7.156307473995261e-08
-0.0 0.29 0.01 0.04994 1.700000000000007e-07 -1.336999999999977e-07 2.7586e-06 0.000499464072782017 7.476769303112427e-08 7.226577104192334e-08 7.15232801122531e-08
-0.0 0.29 0.005 0.049960000000000004 1.6540000000000028e-07 -5.870000000000042e-08 2.7651999999999956e-06 0.0004996624660708466 7.486117158329243e-08 7.234626364072323e-08 7.157760141399293e-08
-0.0 0.29 -0.0 0.049999999999999996 1.6599999999999947e-07 1.6000000000002125e-08 2.7648000000000006e-06 0.00050006241610423 7.494468000812056e-08 7.233268305082975e-08 7.161069811843254e-08
-0.0 0.29 -0.005 0.04997 1.670999999999992e-07 1.0390000000000121e-07 2.7566000000000034e-06 0.0004997624535716944 7.486126843811536e-08 7.2274791285916e-08 7.155618033627456e-08
-0.0 0.29 -0.01 0.04995 1.6329999999999956e-07 1.702000000000009e-07 2.7654999999999983e-06 0.0004995656813673253 7.478469579166502e-08 7.219668350222509e-08 7.148782289281206e-08
-0.005 0.29 -0.01 0.04992 1.575000000000007e-07 1.799999999999996e-07 2.763300000000002e-06 0.0004992625161175231 7.490297629507303e-08 7.232793814722159e-08 7.154567871745694e-08
-0.005 0.29 -0.005 0.049969999999999994 1.6319999999999945e-07 1.0830000000000006e-07 2.757599999999999e-06 0.0004997640343201979 7.485365579177828e-08 7.22954052244998e-08 7.155974466492778e-08
-0.005 0.29 0.0 0.049960000000000004 1.6479999999999968e-07 2.1499999999999296e-08 2.7641000000000025e-06 0.000499664047135673 7.479773206985237e-08 7.220067811865475e-08 7.147394740272166e-08
-0.005 0.29 0.005 0.05001 1.694000000000001e-07 -5.180000000000185e-08 2.7588999999999974e-06 0.0005001624036250626 7.477667861053864e-08 7.224071079804432e-08 7.14817163797028e-08
-0.005 0.29 0.01 0.049929999999999995 1.7210000000000004e-07 -1.2939999999999895e-07 2.7561e-06 0.0004993640856128922 7.48531725362732e-08 7.235712459516106e-08 7.153627487252435e-08
-0.01 0.29 0.01 0.04989999999999999 1.7569999999999946e-07 -1.2749999999999984e-07 2.7511000000000006e-06 0.0004990673702016592 7.482487257200768e-08 7.230431358512756e-08 7.148670131418437e-08
-0.01 0.29 0.005 0.050069999999999996 1.6950000000000021e-07 -4.399999999999959e-08 2.7528000000000052e-06 0.0005007655239730466 7.47786904096883e-08 7.222674276107605e-08 7.145900157812934e-08
-0.01 0.29 -0.0 0.05002 1.6410000000000036e-07 3.120000000000067e-08 2.7554000000000025e-06 0.0005002623911508839 7.486415593850645e-08 7.230643060572787e-08 7.154621148124419e-08
-0.01 0.29 -0.005 0.049949999999999994 1.5980000000000023e-07 1.0509999999999964e-07 2.760299999999999e-06 0.0004995656813673252 7.48099709845037e-08 7.22982221337926e-08 7.159862518914939e-08
-0.01 0.29 -0.01 0.050039999999999994 1.572000000000004e-07 1.918000000000003e-07 2.7527999999999997e-06 0.000500462366217481 7.466168431961167e-08 7.227280615438038e-08 7.165422461989356e-08
-0.01 0.316 -0.01 0.049929999999999995 1.366000000000006e-07 1.6319999999999945e-07 2.3876000000000007e-06 0.0004993657076732442 7.471973311952467e-08 7.222003891051335e-08 7.159592271762162e-08
-0.01 0.316 -0.005 0.049909999999999996 1.4229999999999936e-07 1.0259999999999991e-07 2.3768999999999984e-06 0.0004991641112900646 7.484218946439738e-08 7.229366895880514e-08 7.15756278281755e-08
-0.01 0.316 0.0 0.049999999999999996 1.4049999999999896e-07 2.870000000000095e-08 2.3843999999999974e-06 0.0005000656156945806 7.482753517228196e-08 7.23049992908155e-08 7.155087095366348e-08
-0.01 0.316 0.005 0.049969999999999994 1.3959999999999945e-07 -3.9200000000000344e-08 2.386700000000003e-06 0.0004997640743390825 7.478067811865475e-08 7.224568626195563e-08 7.150939834501691e-08
-0.01 0.316 0.01 0.04993999999999999 1.3899999999999885e-07 -1.0560000000000014e-07 2.391500000000002e-06 0.000499464072782017 7.478321295582926e-08 7.23883938275876e-08 7.161690656667435e-08
-0.005 0.316 0.01 0.049909999999999996 1.443e-07 -1.1249999999999871e-07 2.3850999999999956e-06 0.0004991625286417241 7.468669622726543e-08 7.230776859824569e-08 7.162699247519404e-08
-0.005 0.316 0.005 0.049920000000000006 1.4289999999999996e-07 -4.4299999999999894e-08 2.3832999999999993e-06 0.0004992640984489071 7.476668255652215e-08 7.2239681061752e-08 7.150172931800913e-08
-0.005 0.316 -0.0 0.05001 1.3829999999999954e-07 2.6699999999998945e-08 2.3870999999999974e-06 0.0005001639831095398 7.47746825477862e-08 7.22388665887068e-08 7.152859376222688e-08
-0.005 0.316 -0.005 0.049960000000000004 1.4180000000000025e-07 9.089999999999931e-08 2.3838999999999997e-06 0.000499664047135673 7.485792226386734e-08 7.232763142657679e-08 7.155891393492285e-08
-0.005 0.316 -0.01 0.049929999999999995 1.4219999999999927e-07 1.652999999999988e-07 2.3818000000000006e-06 0.0004993641256638285 7.486209739403517e-08 7.233202200568181e-08 7.154669247259852e-08
0.0 0.316 -0.01 0.049920000000000006 1.4079999999999925e-07 1.5780000000000238e-07 2.3878999999999983e-06 0.0004992640984489071 7.477568414571056e-08 7.225168623024925e-08 7.147674339002529e-08
0.0 0.316 -0.005 0.049969999999999994 1.3920000000000043e-07 8.529999999999926e-08 2.3901000000000006e-06 0.0004997624535716944 7.480975435605264e-08 7.225865550867051e-08 7.150159277903222e-08
0.0 0.316 0.0 0.04995 1.4300000000000008e-07 2.5000000000000022e-08 2.379700000000001e-06 0.0004995640599562783 7.482300689928502e-08 7.231069374357846e-08 7.149372984108438e-08
0.0 0.316 0.005 0.05002999999999999 1.4200000000000045e-07 -4.879999999999884e-08 2.386100000000002e-06 0.0005003655763539294 7.475769899826485e-08 7.224667942073754e-08 7.148586454784453e-08
0.0 0.316 0.01 0.05002999999999999 1.4139999999999985e-07 -1.1800000000000144e-07 2.389999999999998e-06 0.0005003639575349127 7.474579719992113e-08 7.229398162714578e-08 7.151630458296685e-08
0.005 0.316 0.01 0.049909999999999996 1.4200000000000045e-07 -1.1660000000000004e-07 2.385399999999999e-06 0.0004991641112900646 7.483818995994607e-08 7.239934445633073e-08 7.15227138321551e-08
0.005 0.316 0.005 0.04987 1.4240000000000085e-07 -5.480000000000207e-08 2.387299999999998e-06 0.0004987641627061832 7.476172292215916e-08 7.23813115314656e-08 7.1597511812196e-08
0.005 0.316 -0.0 0.049969999999999994 1.4069999999999916e-07 1.5300000000001424e-08 2.3874000000000006e-06 0.0004997640743390825 7.46706861994546e-08 7.229170373514552e-08 7.154891674816308e-08
0.005 0.316 -0.005 0.0499 1.4040000000000025e-07 8.480000000000154e-08 2.387800000000001e-06 0.0004990641241363679 7.483269558586665e-08 7.243571319076199e-08 7.164273176517946e-08
0.005 0.316 -0.01 0.04992 1.4239999999999948e-07 1.492000000000021e-07 2.3865999999999997e-06 0.0004992625161175231 7.485435691894804e-08 7.234855296124805e-08 7.151916312160781e-08
0.01 0.316 -0.01 0.049969999999999994 1.4050000000000034e-07 1.4909999999999924e-07 2.387e-06 0.0004997656550824595 7.475969306058816e-08 7.227667939579345e-08 7.144567879892656e-08
0.01 0.316 -0.005 0.04999 1.4050000000000034e-07 7.969999999999921e-08 2.388000000000001e-06 0.0004999624285883891 7.48351746939958e-08 7.236480326506902e-08 7.149614613200731e-08
0.01 0.316 0.0 0.049929999999999995 1.3910000000000034e-07 6.899999999998574e-09 2.393600000000001e-06 0.0004993640856128922 7.482124061057724e-08 7.232442221236974e-08 7.155234907573953e-08
0.01 0.316 0.005 0.04995 1.4139999999999985e-07 -5.459999999999909e-08 2.3859999999999993e-06 0.0004995640599562783 7.47188582543273e-08 7.232576758986061e-08 7.156696895709694e-08
0.01 0.316 0.01 0.05004 1.4079999999999925e-07 -1.2970000000000204e-07 2.3928000000000006e-06 0.0005004639447552641 7.474370601342563e-08 7.229468316915175e-08 7.149820208654399e-08
0.01 0.34299999999999997 0.01 0.049960000000000004 1.214999999999994e-07 -1.449000000000006e-07 2.0087999999999993e-06 0.0004996640871625657 7.470569927003806e-08 7.23339371860867e-08 7.154415037374188e-08
0.01 0.34299999999999997 0.005 0.049890000000000004 1.2690000000000061e-07 -7.099999999999884e-08 1.9918999999999965e-06 0.00049896413698782 7.471767824343639e-08 7.23426977263801e-08 7.151223909574882e-08
0.01 0.34299999999999997 -0.0 0.04994 1.1249999999999871e-07 4.599999999999049e-09 2.0073000000000007e-06 0.000499464072782017 7.474167923500291e-08 7.224968624079057e-08 7.144369517166239e-08
0.01 0.34299999999999997 -0.005 0.050039999999999994 1.1529999999999874e-07 9.220000000000061e-08 1.997700000000002e-06 0.000500462366217481 7.47326905502616e-08 7.226777092256851e-08 7.150438335361292e-08
0.01 0.34299999999999997 -0.01 0.04992 1.1070000000000108e-07 1.6349999999999976e-07 2.008700000000002e-06 0.0004992640984489071 7.480514755925387e-08 7.22906357130224e-08 7.159550578549164e-08
0.005 0.34299999999999997 -0.01 0.049960000000000004 1.121999999999998e-07 1.706000000000013e-07 2.0084999999999965e-06 0.000499664047135673 7.481324170743678e-08 7.23014640879165e-08 7.159467472498308e-08
0.005 0.34299999999999997 -0.005 0.04995999999999999 1.1690000000000034e-07 9.429999999999994e-08 1.9957000000000002e-06 0.0004996640871625655 7.470373333991078e-08 7.225900883268196e-08 7.163367866036641e-08
0.005 0.34299999999999997 0.0 0.0499 1.0610000000000064e-07 8.299999999999973e-09 2.014699999999997e-06 0.0004990625411709439 7.479496018530981e-08 7.227638371039287e-08 7.154803706199985e-08
0.005 0.34299999999999997 0.005 0.04994 1.1789999999999995e-07 -6.52999999999987e-08 2.0015000000000007e-06 0.0004994656945176515 7.47584491102006e-08 7.233819463162782e-08 7.159711480562118e-08
0.005 0.34299999999999997 0.01 0.05000999999999999 1.1890000000000095e-07 -1.447000000000004e-07 2.009299999999997e-06 0.0005001639831095397 7.463468627359022e-08 7.230272334414302e-08 7.161739306834953e-08
-0.0 0.34299999999999997 0.01 0.04995 1.1970000000000036e-07 -1.4399999999999967e-07 2.0079000000000016e-06 0.0004995624785750027 7.466869630961851e-08 7.231875771867461e-08 7.16131768721165e-08
-0.0 0.34299999999999997 0.005 0.049999999999999996 1.1780000000000124e-07 -5.789999999999962e-08 1.999899999999999e-06 0.0005000656156945806 7.472995292886617e-08 7.230699638266103e-08 7.166697932643398e-08
-0.0 0.34299999999999997 -0.0 0.04994 1.1440000000000061e-07 1.760000000000095e-08 2.0013999999999975e-06 0.000499464072782017 7.481455847753463e-08 7.22889360189993e-08 7.155781092996595e-08
-0.0 0.34299999999999997 -0.005 0.049929999999999995 1.2640000000000013e-07 9.440000000000004e-08 1.990499999999995e-06 0.0004993625035983379 7.475768812605528e-08 7.218167845855955e-08 7.14597468738435e-08
-0.0 0.34299999999999997 -0.01 0.049909999999999996 1.1789999999999995e-07 1.8229999999999914e-07 1.9998000000000016e-06 0.0004991641112900646 7.471973311952467e-08 7.222377362125861e-08 7.151181855578173e-08
-0.005 0.34299999999999997 -0.01 0.049960000000000004 1.2090000000000016e-07 1.7860000000000098e-07 2.004900000000004e-06 0.0004996656682222624 7.477397357923845e-08 7.218969468380877e-08 7.150026281962104e-08
-0.005 0.34299999999999997 -0.005 0.049960000000000004 1.1670000000000014e-07 1.0140000000000149e-07 2.002900000000002e-06 0.000499664047135673 7.4756686027693e-08 7.221078611476704e-08 7.148456312303202e-08
-0.005 0.34299999999999997 0.0 0.04997 1.1840000000000045e-07 2.6899999999999146e-08 1.9952999999999998e-06 0.000499764034320198 7.474968814587678e-08 7.221368111266375e-08 7.147294054065915e-08
-0.005 0.34299999999999997 0.005 0.04999 1.1800000000000005e-07 -5.900000000000072e-08 1.999899999999999e-06 0.000499965628818622 7.490771254786784e-08 7.235268299075472e-08 7.155970697564374e-08
-0.005 0.34299999999999997 0.01 0.04995 1.1589999999999934e-07 -1.328999999999997e-07 2.005800000000002e-06 0.0004995640599562783 7.479731243065283e-08 7.226190021751746e-08 7.153570781508998e-08
-0.01 0.34299999999999997 0.01 0.04998 1.124e-07 -1.2820000000000053e-07 2.0089000000000025e-06 0.0004998640215098501 7.470067861990786e-08 7.226480681345451e-08 7.146868207642806e-08
-0.01 0.34299999999999997 0.005 0.05005 1.1869999999999936e-07 -5.410000000000137e-08 2.001400000000003e-06 0.0005005639319807211 7.476098674887049e-08 7.23751089523033e-08 7.152969338102781e-08
-0.01 0.34299999999999997 -0.0 0.04992 1.1869999999999936e-07 3.14999999999982e-08 1.996999999999999e-06 0.0004992625161175231 7.476790598999746e-08 7.233979382970784e-08 7.158971850453018e-08
-0.01 0.34299999999999997 -0.005 0.049980000000000004 1.1840000000000045e-07 1.0649999999999826e-07 2.0031999999999993e-06 0.0004998640215098503 7.471172323212198e-08 7.226919151288658e-08 7.151181855578173e-08
-0.01 0.34299999999999997 -0.01 0.04999999999999999 1.2010000000000076e-07 1.8249999999999934e-07 2.011400000000002e-06 0.0005000624161042299 7.47476782425091e-08 7.222770481584898e-08 7.145582911006522e-08
-0.01 0.369 -0.01 0.04994 1.015000000000002e-07 2.6609999999999966e-07 1.5071000000000001e-06 0.000499464072782017 7.479422779999818e-08 7.230345431134474e-08 7.156174920851741e-08
-0.01 0.369 -0.005 0.049920000000000006 9.539999999999965e-08 1.438999999999996e-07 1.5025999999999983e-06 0.0004992625161175232 7.472070255748303e-08 7.219971874939658e-08 7.152509079046188e-08
-0.01 0.369 0.0 0.05001 9.149999999999991e-08 3.539999999999932e-08 1.4954999999999997e-06 0.0005001639831095398 7.462767824630346e-08 7.226981954905805e-08 7.15928595058989e-08
-0.01 0.369 0.005 0.05001 8.649999999999907e-08 -8.730000000000126e-08 1.5024000000000038e-06 0.0005001624036250626 7.468017808716464e-08 7.22990917927334e-08 7.169792479502293e-08
-0.01 0.369 0.01 0.049909999999999996 8.920000000000039e-08 -2.0310000000000052e-07 1.505099999999998e-06 0.000499164151357046 7.473383036533895e-08 7.232112650342218e-08 7.158760456939051e-08
-0.005 0.369 0.01 0.04999 8.640000000000036e-08 -2.0489999999999954e-07 1.5066000000000024e-06 0.0004999624285883891 7.46816842883805e-08 7.228100419944181e-08 7.154224170612116e-08
-0.005 0.369 0.005 0.049960000000000004 8.739999999999998e-08 -9.569999999999856e-08 1.5013e-06 0.0004996640871625657 7.461568848995981e-08 7.226068327993649e-08 7.158845827336321e-08
-0.005 0.369 -0.0 0.04997 8.96999999999995e-08 2.3799999999998823e-08 1.4934999999999976e-06 0.000499764034320198 7.473649306720865e-08 7.233882123275745e-08 7.157884515327425e-08
-0.005 0.369 -0.005 0.04995 9.239999999999942e-08 1.4039999999999885e-07 1.4953999999999967e-06 0.0004995624785750027 7.474343251236633e-08 7.235800079499963e-08 7.155429177430526e-08
-0.005 0.369 -0.01 0.049960000000000004 9.370000000000073e-08 2.5450000000000197e-07 1.506200000000002e-06 0.0004996640871625657 7.466168836921093e-08 7.225886415398773e-08 7.155705864773137e-08
0.0 0.369 -0.01 0.049929999999999995 8.859999999999979e-08 2.504000000000006e-07 1.503199999999999e-06 0.0004993640856128922 7.475837301822414e-08 7.227221646272448e-08 7.153867811865476e-08
0.0 0.369 -0.005 0.04992 8.869999999999989e-08 1.3299999999999977e-07 1.4956000000000025e-06 0.0004992625161175231 7.469568426670523e-08 7.224472505405145e-08 7.154468051673285e-08
0.0 0.369 0.0 0.04997 8.729999999999988e-08 1.29000000000018e-08 1.4997999999999956e-06 0.000499764034320198 7.468271890394385e-08 7.22086994803182e-08 7.150673464931072e-08
0.0 0.369 0.005 0.04999 8.869999999999989e-08 -9.550000000000114e-08 1.4971000000000013e-06 0.0004999624285883891 7.464381656015412e-08 7.227571677632427e-08 7.151013418373902e-08
0.0 0.369 0.01 0.04995999999999999 8.790000000000048e-08 -2.1700000000000053e-07 1.509900000000003e-06 0.0004996624660708465 7.471476253334933e-08 7.224412456375807e-08 7.152275200691863e-08
0.005 0.369 0.01 0.049909999999999996 9.720000000000006e-08 -2.2859999999999825e-07 1.5081999999999985e-06 0.0004991641112900646 7.478354443121647e-08 7.227167843896222e-08 7.153979813409282e-08
0.005 0.369 0.005 0.049960000000000004 9.260000000000101e-08 -1.0249999999999981e-07 1.4958000000000027e-06 0.000499664047135673 7.467968429148947e-08 7.220775326706916e-08 7.149795824669051e-08
0.005 0.369 -0.0 0.04993999999999999 8.830000000000088e-08 7.00000000000145e-09 1.4983000000000025e-06 0.0004994624910841653 7.465668268023347e-08 7.219575387429822e-08 7.152338962958591e-08
0.005 0.369 -0.005 0.04994 8.519999999999916e-08 1.252000000000003e-07 1.499499999999998e-06 0.0004994624910841654 7.474278972425299e-08 7.231286474948152e-08 7.161357235387835e-08
0.005 0.369 -0.01 0.05001 8.330000000000004e-08 2.4129999999999986e-07 1.5051000000000036e-06 0.0005001656025757869 7.469869617277637e-08 7.226280697928457e-08 7.152434758471576e-08
0.01 0.369 -0.01 0.04998 7.969999999999921e-08 2.3110000000000074e-07 1.510399999999995e-06 0.0004998640215098501 7.471891962834452e-08 7.227095053076746e-08 7.16226978552833e-08
0.01 0.369 -0.005 0.049890000000000004 8.340000000000014e-08 1.1870000000000214e-07 1.502500000000001e-06 0.00049896413698782 7.468925927278496e-08 7.232247090930745e-08 7.16101824265933e-08
0.01 0.369 0.0 0.04999 8.729999999999988e-08 2.2999999999995247e-09 1.501199999999997e-06 0.000499965628818622 7.47035617883852e-08 7.234505200488765e-08 7.16186968409287e-08
0.01 0.369 0.005 0.04988 9.00999999999999e-08 -1.1800000000000144e-07 1.5098e-06 0.0004988641498444241 7.468569937645955e-08 7.222267811865475e-08 7.150280437121807e-08
0.01 0.369 0.01 0.04994 1.007999999999995e-07 -2.2290000000000086e-07 1.5077000000000006e-06 0.000499464072782017 7.474925063874152e-08 7.234393253851714e-08 7.156770670627597e-08
0.01 0.396 0.01 0.049890000000000004 4.330000000000028e-08 -2.513000000000015e-07 8.100999999999969e-07 0.000498965760348343 7.472620423611434e-08 7.231707595231863e-08 7.158419285808392e-08
0.01 0.396 0.005 0.05001 3.750000000000003e-08 -1.223000000000002e-07 8.189999999999975e-07 0.0005001639831095398 7.468972348155275e-08 7.22457742068525e-08 7.153501906753453e-08
0.01 0.396 -0.0 0.04997 4.4099999999999693e-08 -5.7000000000001495e-09 8.209999999999995e-07 0.000499764034320198 7.462970682485226e-08 7.229078064697372e-08 7.160895424546656e-08
0.01 0.396 -0.005 0.04993999999999999 4.5400000000000995e-08 1.1339999999999961e-07 8.184999999999998e-07 0.000499464072782017 7.47520801031151e-08 7.236040597499956e-08 7.159485909560461e-08
0.01 0.396 -0.01 0.04999 4.049999999999887e-08 2.4060000000000055e-07 8.116000000000013e-07 0.0004999640487075045 7.470190975813649e-08 7.227367843855235e-08 7.154594214876739e-08
0.005 0.396 -0.01 0.04995 4.770000000000052e-08 2.4120000000000113e-07 8.012999999999992e-07 0.0004995640599562783 7.467468013681771e-08 7.219876413767382e-08 7.1517989706581e-08
0.005 0.396 -0.005 0.04995999999999999 4.670000000000091e-08 1.2179999999999967e-07 8.141000000000009e-07 0.0004996640471356729 7.475416893724208e-08 7.225530493442613e-08 7.160569543692296e-08
0.005 0.396 0.0 0.04998 4.940000000000083e-08 6.000000000006e-10 8.20399999999999e-07 0.0004998640215098501 7.474417015409997e-08 7.227021971797169e-08 7.160469825265622e-08
0.005 0.396 0.005 0.049949999999999994 4.9799999999999844e-08 -1.23100000000001e-07 8.147999999999989e-07 0.0004995656813673252 7.471898998276913e-08 7.228304576014323e-08 7.159159695714102e-08
0.005 0.396 0.01 0.04997 4.829999999999973e-08 -2.3910000000000044e-07 8.053000000000032e-07 0.0004997608728181909 7.466668014089893e-08 7.220770517251852e-08 7.150268821960045e-08
-0.0 0.396 0.01 0.05002 5.1400000000000057e-08 -2.3279999999999968e-07 8.048999999999973e-07 0.0005002639703196703 7.470783110546925e-08 7.232718546475622e-08 7.16598883166615e-08
-0.0 0.396 0.005 0.04999 5.0899999999999556e-08 -1.1499999999999844e-07 8.166000000000007e-07 0.0004999640087046266 7.47356844540535e-08 7.230213154241557e-08 7.153978004242529e-08
-0.0 0.396 -0.0 0.05002999999999999 5.0799999999999456e-08 1.3400000000002299e-08 8.099999999999997e-07 0.0005003639575349127 7.466268014294573e-08 7.222880986524331e-08 7.151976896645864e-08
-0.0 0.396 -0.005 0.049949999999999994 5.5300000000001183e-08 1.3029999999999986e-07 7.984999999999965e-07 0.0004995640599562782 7.459968853262898e-08 7.228770380011971e-08 7.158374741716433e-08
-0.0 0.396 -0.01 0.04997 4.299999999999998e-08 2.483999999999986e-07 8.035999999999988e-07 0.0004997640743390825 7.472470253312958e-08 7.238679744614908e-08 7.166378881526875e-08
-0.005 0.396 -0.01 0.05002 4.289999999999988e-08 2.6489999999999984e-07 7.931999999999995e-07 0.0005002623911508839 7.463894745768944e-08 7.234167842521512e-08 7.15877242975986e-08
-0.005 0.396 -0.005 0.05002999999999999 4.640000000000061e-08 1.37000000000001e-07 8.07800000000003e-07 0.000500362378681691 7.4673679254158e-08 7.219876413767382e-08 7.151577438619051e-08
-0.005 0.396 0.0 0.04999 4.5399999999999606e-08 1.6900000000000247e-08 8.153999999999994e-07 0.0004999624285883891 7.476109340600494e-08 7.230194993704406e-08 7.154164141507645e-08
-0.005 0.396 0.005 0.05002 4.950000000000093e-08 -1.0240000000000249e-07 8.104e-07 0.0005002655894622375 7.469673883068612e-08 7.223979616511161e-08 7.153967872179084e-08
-0.005 0.396 0.01 0.049929999999999995 4.349999999999909e-08 -2.3099999999999787e-07 8.195000000000008e-07 0.0004993640856128922 7.467268013783648e-08 7.225667941231528e-08 7.151103803769118e-08
-0.01 0.396 0.01 0.04995 5.789999999999962e-08 -2.2010000000000084e-07 7.97199999999998e-07 0.0004995624785750027 7.4717848941068e-08 7.223405134935037e-08 7.163745748829999e-08
-0.01 0.396 0.005 0.04999 5.340000000000067e-08 -9.619999999999906e-08 8.066000000000017e-07 0.0004999640087046266 7.469882305082561e-08 7.22619878878498e-08 7.155393371454487e-08
-0.01 0.396 -0.0 0.049929999999999995 5.0200000000000244e-08 2.1699999999999496e-08 8.070000000000022e-07 0.0004993625035983379 7.467275080854827e-08 7.223267811865476e-08 7.153713198911578e-08
-0.01 0.396 -0.005 0.04988 4.759999999999903e-08 1.5129999999999866e-07 7.965e-07 0.0004988625662444518 7.46666907576639e-08 7.220297969675484e-08 7.151098056148496e-08
-0.01 0.396 -0.01 0.049949999999999994 3.670000000000062e-08 2.6720000000000075e-07 7.954000000000016e-07 0.0004995624785750027 7.473423599695103e-08 7.229030149148767e-08 7.157980756816156e-08
-0.01 0.42200000000000004 -0.01 0.05005 5.899999999998962e-09 1.36e-07 3.043999999999991e-07 0.0005005639319807211 7.473699579116894e-08 7.227377824340685e-08 7.15648279884083e-08
-0.01 0.42200000000000004 -0.005 0.04997 1.2000000000000898e-08 7.369999999999876e-08 3.2039999999999845e-07 0.0004997656550824596 7.466868013987708e-08 7.225093264307597e-08 7.15800065951238e-08
-0.01 0.42200000000000004 0.0 0.050019999999999995 1.890000000000086e-08 7.499999999999174e-09 3.284000000000009e-07 0.0005002639703196702 7.435594244377578e-08 7.225212224673725e-08 7.194768903210702e-08
-0.01 0.42200000000000004 0.005 0.04999 2.6500000000000135e-08 -4.639999999999922e-08 3.1829999999999914e-07 0.0004999640087046266 7.456626030556246e-08 7.228329377417901e-08 7.186446926093311e-08
-0.01 0.42200000000000004 0.01 0.04995999999999999 3.140000000000087e-08 -1.1409999999999753e-07 3.118999999999983e-07 0.0004996640471356729 7.456559342252331e-08 7.223472536201698e-08 7.187552746513695e-08
-0.005 0.42200000000000004 0.01 0.049999999999999996 2.419999999999922e-08 -1.205999999999985e-07 3.222000000000003e-07 0.0005000640358994036 7.450669708594141e-08 7.22128392285228e-08 7.178036218416196e-08
-0.005 0.42200000000000004 0.005 0.05006 1.7100000000000448e-08 -5.250000000000254e-08 3.342000000000012e-07 0.0005006639192112809 7.452135837288759e-08 7.226816648137212e-08 7.189609956269902e-08
-0.005 0.42200000000000004 -0.0 0.049909999999999996 1.899999999999957e-08 4.0000000000012245e-09 3.341000000000038e-07 0.000499164151357046 7.451143804266996e-08 7.224603280080478e-08 7.194940730616912e-08
-0.005 0.42200000000000004 -0.005 0.04995 1.6499999999999847e-08 6.980000000000041e-08 3.2689999999999666e-07 0.0004995640599562783 7.445790242472452e-08 7.22128392285228e-08 7.177247376754395e-08
-0.005 0.42200000000000004 -0.01 0.04998 1.0800000000001086e-08 1.3129999999999946e-07 3.126999999999991e-07 0.0004998656419479138 7.445474275484895e-08 7.224167844523865e-08 7.178695689295071e-08
0.0 0.42200000000000004 -0.01 0.04997 1.9600000000000172e-08 1.239999999999991e-07 3.1709999999999794e-07 0.0004997656550824596 7.455191880364184e-08 7.227910981943105e-08 7.177373503152443e-08
0.0 0.42200000000000004 -0.005 0.049949999999999994 1.860000000000056e-08 6.74999999999995e-08 3.2829999999999804e-07 0.0004995624785750027 7.45290055011614e-08 7.226589450231332e-08 7.179269475438639e-08
0.0 0.42200000000000004 0.0 0.049949999999999994 2.450000000000091e-08 3.0000000000002246e-09 3.2890000000000417e-07 0.0004995640599562782 7.447268290334071e-08 7.228367843651868e-08 7.174220611148869e-08
0.0 0.42200000000000004 0.005 0.04999 2.0599999999999784e-08 -6.410000000000026e-08 3.347999999999962e-07 0.0004999640087046266 7.44446802611287e-08 7.226680664805071e-08 7.174711239056977e-08
0.0 0.42200000000000004 0.01 0.04999 2.299999999999941e-08 -1.1769999999999836e-07 3.1449999999999536e-07 0.0004999640087046266 7.449906299878508e-08 7.230273967525362e-08 7.175371694822919e-08
0.005 0.42200000000000004 0.01 0.049960000000000004 2.6900000000000535e-08 -1.268000000000019e-07 3.056000000000003e-07 0.000499664047135673 7.448467811865476e-08 7.221375296709046e-08 7.172850423347005e-08
0.005 0.42200000000000004 0.005 0.04992 1.5099999999999837e-08 -6.770000000000109e-08 3.354999999999997e-07 0.0004992640984489071 7.449980493099557e-08 7.226080714554252e-08 7.175283069865444e-08
0.005 0.42200000000000004 -0.0 0.05005 2.360000000000001e-08 2.8000000000000247e-09 3.2809999999999786e-07 0.0005005639319807211 7.459772455521813e-08 7.234601111226799e-08 7.187749001437745e-08
0.005 0.42200000000000004 -0.005 0.05001 1.9500000000000072e-08 5.980000000000151e-08 3.33300000000003e-07 0.0005001639831095398 7.452813407779823e-08 7.227103256556738e-08 7.176305067625971e-08
0.005 0.42200000000000004 -0.01 0.050030000000000005 2.1499999999999296e-08 1.244000000000009e-07 3.1730000000000367e-07 0.0005003655763539295 7.44666866383469e-08 7.22077185322709e-08 7.171067811865475e-08
0.01 0.42200000000000004 -0.01 0.0499 3.039999999999987e-08 1.2210000000000136e-07 3.0850000000000047e-07 0.0004990641241363679 7.45662260693357e-08 7.226512271400064e-08 7.178392459547171e-08
0.01 0.42200000000000004 -0.005 0.04997 1.2699999999998823e-08 5.5499999999998604e-08 3.420000000000034e-07 0.000499764034320198 7.456244784178204e-08 7.228589873812366e-08 7.182745652102472e-08
0.01 0.42200000000000004 0.0 0.04995999999999999 1.840000000000036e-08 -4.999999999999449e-09 3.3239999999999935e-07 0.0004996640471356729 7.448467864859643e-08 7.220669950887617e-08 7.17357605543642e-08
0.01 0.42200000000000004 0.005 0.04993999999999999 1.1400000000000299e-08 -6.839999999999901e-08 3.312999999999955e-07 0.0004994656945176514 7.459354407050013e-08 7.236137615282091e-08 7.17916425028969e-08
0.01 0.42200000000000004 0.01 0.049929999999999995 1.04999999999994e-08 -1.343000000000011e-07 3.1950000000000034e-07 0.0004993625035983379 7.459069667531141e-08 7.242467811865476e-08 7.191505181481388e-08
0.01 0.44799999999999995 0.01 0.049999999999999996 4.299999999998749e-09 -4.720000000000002e-08 1.1899999999999688e-07 0.0005000639959045241 7.443509914748595e-08 7.238915480899037e-08 7.198381990180383e-08
0.01 0.44799999999999995 0.005 0.049960000000000004 4.900000000000737e-09 -2.979999999999927e-08 1.2699999999999932e-07 0.0004996656682222624 7.441885287181837e-08 7.222185315815217e-08 7.179568963933093e-08
0.01 0.44799999999999995 -0.0 0.04995999999999999 1.0399999999999299e-08 2.4999999999997246e-09 1.2010000000000076e-07 0.0004996640471356729 7.44516793215415e-08 7.225567844227932e-08 7.176575821040135e-08
0.01 0.44799999999999995 -0.005 0.04994 1.629999999999965e-08 2.329999999999971e-08 1.1300000000000199e-07 0.0004994624910841654 7.455668643897857e-08 7.22606794089768e-08 7.181023894007393e-08
0.01 0.44799999999999995 -0.01 0.04994 7.000000000000062e-09 4.199999999999898e-08 1.2459999999999695e-07 0.0004994624910841654 7.4523943648355e-08 7.225471050173486e-08 7.178430095745803e-08
0.005 0.44799999999999995 -0.01 0.049999999999999996 1.1799999999999312e-08 5.0999999999999656e-08 1.1249999999999871e-07 0.0005000639959045241 7.447768462249836e-08 7.219884074417658e-08 7.175105497345305e-08
0.005 0.44799999999999995 -0.005 0.04995999999999999 8.400000000000074e-09 2.2600000000000398e-08 1.244999999999996e-07 0.0004996640471356729 7.448068660670886e-08 7.218887296372763e-08 7.173553908483504e-08
0.005 0.44799999999999995 0.0 0.049960000000000004 7.000000000000062e-09 -4.0000000000040006e-10 1.2659999999999892e-07 0.000499664047135673 7.44908135659635e-08 7.219585622245241e-08 7.179425737279355e-08
0.005 0.44799999999999995 0.005 0.05004 4.999999999999449e-09 -2.2799999999999208e-08 1.246999999999998e-07 0.0005004639447552641 7.44466829366388e-08 7.2276781563514e-08 7.179082070183533e-08
0.005 0.44799999999999995 0.01 0.049980000000000004 -4.79999999999925e-09 -5.1199999999999856e-08 1.3540000000000218e-07 0.000499862441077543 7.443875537107322e-08 7.230070956488467e-08 7.182494379613029e-08
-0.0 0.44799999999999995 0.01 0.04999 8.700000000000374e-09 -4.620000000000041e-08 1.1950000000000016e-07 0.0004999640087046266 7.451756135826167e-08 7.232236357183723e-08 7.177448637205384e-08
-0.0 0.44799999999999995 0.005 0.05001 8.400000000000074e-09 -2.2500000000000297e-08 1.2480000000000268e-07 0.0005001624036250626 7.447068662928343e-08 7.222171815783307e-08 7.172051077805927e-08
-0.0 0.44799999999999995 -0.0 0.049929999999999995 5.80000000000025e-09 -2.399999999999625e-09 1.2840000000000073e-07 0.0004993640856128922 7.454216373131208e-08 7.22841971048764e-08 7.177988436629831e-08
-0.0 0.44799999999999995 -0.005 0.04998 1.0299999999999199e-08 2.899999999999986e-08 1.1970000000000036e-07 0.0004998624410775429 7.461367824676134e-08 7.237572886863207e-08 7.184641840586834e-08
-0.0 0.44799999999999995 -0.01 0.04995999999999999 6.499999999999562e-09 4.289999999999988e-08 1.2630000000000142e-07 0.0004996656682222623 7.45546627700289e-08 7.229870141823195e-08 7.175090309432107e-08
-0.005 0.44799999999999995 -0.01 0.049960000000000004 2.4999999999997246e-09 4.330000000000028e-08 1.2320000000000108e-07 0.0004996640871625657 7.443174920101801e-08 7.224767844396377e-08 7.175440413634331e-08
-0.005 0.44799999999999995 -0.005 0.04994 7.999999999999675e-09 3.060000000000007e-08 1.1709999999999776e-07 0.0004994624910841654 7.454331741814538e-08 7.23050864728727e-08 7.178787540791982e-08
-0.005 0.44799999999999995 0.0 0.049920000000000006 6.599999999999662e-09 -2.4000000000010125e-09 1.2869999999999826e-07 0.0004992640984489071 7.448956790270509e-08 7.231055623901268e-08 7.185121308085451e-08
-0.005 0.44799999999999995 0.005 0.049999999999999996 1.0799999999999698e-08 -2.12999999999991e-08 1.2319999999999554e-07 0.0005000640358994036 7.441167933454215e-08 7.225267941567107e-08 7.182139860554603e-08
-0.005 0.44799999999999995 0.01 0.04994 1.1799999999999312e-08 -4.209999999999908e-08 1.1510000000000132e-07 0.000499464072782017 7.447767931323912e-08 7.228411321423385e-08 7.183356101548772e-08
-0.01 0.44799999999999995 0.01 0.04999999999999999 1.1499999999999011e-08 -4.610000000000031e-08 1.1990000000000056e-07 0.0005000639959045241 7.45503721168791e-08 7.228880992557077e-08 7.179988057917346e-08
-0.01 0.44799999999999995 0.005 0.04989999999999999 1.0399999999999299e-08 -1.9600000000000172e-08 1.2010000000000076e-07 0.0004990657471716527 7.45221988125511e-08 7.232723804640257e-08 7.17987819739921e-08
-0.01 0.44799999999999995 -0.0 0.049999999999999996 7.400000000000462e-09 3.599999999999437e-09 1.2259999999999494e-07 0.0005000639959045241 7.441367825368042e-08 7.230567843213435e-08 7.186568894111488e-08
-0.01 0.44799999999999995 -0.005 0.049999999999999996 3.899999999999737e-09 2.2799999999999208e-08 1.2550000000000061e-07 0.0005000639959045241 7.448469719650797e-08 7.225876080378498e-08 7.175144706515537e-08
-0.01 0.44799999999999995 -0.01 0.049960000000000004 1.1999999999998124e-09 5.399999999999988e-08 1.1309999999999931e-07 0.000499664047135673 7.448269720662342e-08 7.221493873437266e-08 7.177405105417644e-08
-0.01 0.475 -0.01 0.049999999999999996 -8.499999999998786e-09 1.2700000000000211e-08 6.130000000000302e-08 0.0005000639959045241 7.453623036637011e-08 7.230030952247138e-08 7.178973418763357e-08
-0.01 0.475 -0.005 0.04998 2.6000000000012124e-09 1.06999999999996e-08 4.750000000000032e-08 0.0004998640215098501 7.446467865141978e-08 7.221872586325703e-08 7.173789571975007e-08
-0.01 0.475 0.0 0.04999 1.7000000000003124e-09 7.000000000007001e-10 5.150000000000432e-08 0.0004999640087046266 7.446967825166886e-08 7.224969403800063e-08 7.175785050178945e-08
-0.01 0.475 0.005 0.049960000000000004 7.000000000007001e-10 -9.900000000000186e-09 5.339999999999789e-08 0.0004996624660708466 7.447068290588575e-08 7.224271075538284e-08 7.176333285787365e-08
-0.01 0.475 0.01 0.04997 3.499999999999337e-09 -9.900000000000186e-09 4.7199999999997246e-08 0.0004997656550824596 7.44619584334273e-08 7.250646095630523e-08 7.189246067056522e-08
-0.005 0.475 0.01 0.04994 1.9000000000005125e-09 -1.799999999999996e-08 5.2399999999996896e-08 0.0004994624910841654 7.43656815386258e-08 7.244767840650735e-08 7.181799559797132e-08
-0.005 0.475 0.005 0.05000999999999999 1.2700000000000211e-08 -8.999999999999286e-09 3.9000000000000144e-08 0.0005001639831095397 7.450007727947168e-08 7.250892837932484e-08 7.189430305925039e-08
-0.005 0.475 -0.0 0.049969999999999994 8.299999999999973e-09 5.399999999999849e-09 4.170000000000007e-08 0.0004997640343201979 7.437012206548603e-08 7.247067925501802e-08 7.17880165056066e-08
-0.005 0.475 -0.005 0.04994 5.499999999999949e-09 7.200000000000261e-09 4.66000000000022e-08 0.0004994656945176515 7.443949401649685e-08 7.253844670356916e-08 7.184512159454944e-08
-0.005 0.475 -0.01 0.04994 2.5999999999998248e-09 1.6900000000000247e-08 4.689999999999972e-08 0.0004994624910841654 7.450876711181961e-08 7.259567838390673e-08 7.18688016008448e-08
0.0 0.475 -0.01 0.04994 6.100000000000549e-09 1.780000000000115e-08 4.309999999999592e-08 0.0004994673162480204 7.439377790008886e-08 7.259159970128386e-08 7.191884367022457e-08
0.0 0.475 -0.005 0.04997 5.29999999999975e-09 5.099999999999549e-09 4.869999999999597e-08 0.0004997656550824596 7.435167825597967e-08 7.250317023858164e-08 7.183313435388178e-08
0.0 0.475 0.0 0.04999 3.500000000000725e-09 3.200000000000425e-09 4.790000000000072e-08 0.0004999640487075045 7.434777833723549e-08 7.244277164961664e-08 7.177486607197879e-08
0.0 0.475 0.005 0.049890000000000004 3.000000000003e-10 -9.000000000000675e-09 5.379999999999829e-08 0.0004989625537051855 7.447623916582953e-08 7.254097918678535e-08 7.182867811865475e-08
0.0 0.475 0.01 0.04998 6.999999999993123e-10 -2.0200000000000773e-08 5.410000000000137e-08 0.0004998640615207298 7.437874409407013e-08 7.243588941006228e-08 7.174841122499762e-08
0.005 0.475 0.01 0.05002 1.7000000000003124e-09 -1.1999999999999512e-08 4.5600000000001196e-08 0.0005002639703196703 7.434073321465537e-08 7.245077121961229e-08 7.178279751499082e-08
0.005 0.475 0.005 0.04995 8.000000000008001e-10 -8.400000000000074e-09 5.220000000000225e-08 0.0004995640599562783 7.43997172889537e-08 7.246068269007736e-08 7.175729743817834e-08
0.005 0.475 -0.0 0.049969999999999994 4.0000000000040006e-10 -1.4000000000000123e-09 5.370000000000097e-08 0.0004997656550824595 7.443483332487268e-08 7.24548168746028e-08 7.176606904148857e-08
0.005 0.475 -0.005 0.049949999999999994 -5.600000000000049e-09 9.599999999999886e-09 6.06000000000051e-08 0.0004995640599562782 7.4394683004645e-08 7.243675227696894e-08 7.177039600564167e-08
0.005 0.475 -0.01 0.049969999999999994 6.40000000000085e-09 1.5300000000000034e-08 4.5400000000000995e-08 0.0004997656550824595 7.436069784462886e-08 7.243673489639992e-08 7.180767857444317e-08
0.01 0.475 -0.01 0.04995999999999999 4.099999999999937e-09 1.5500000000000235e-08 4.709999999999992e-08 0.0004996656682222623 7.439080039923186e-08 7.2492062411838e-08 7.17900297759009e-08
0.01 0.475 -0.005 0.049969999999999994 1.1000000000011e-09 6.7999999999998615e-09 5.469999999999642e-08 0.0004997656550824595 7.433868032372575e-08 7.252975755617253e-08 7.180223938583128e-08
0.01 0.475 0.0 0.049929999999999995 4.099999999999937e-09 -4.099999999999937e-09 5.009999999999737e-08 0.0004993657076732442 7.435669786626996e-08 7.251167839627828e-08 7.177662839892115e-08
0.01 0.475 0.005 0.04988 2.6999999999999245e-09 -7.699999999999374e-09 4.820000000000379e-08 0.0004988625662444518 7.43998441490741e-08 7.258866906644977e-08 7.197055509677603e-08
0.01 0.475 0.01 0.049909999999999996 1.3399999999999523e-08 -1.4599999999999335e-08 3.510000000000457e-08 0.0004991657340002416 7.444744811425256e-08 7.251358965281277e-08 7.186777966994574e-08
0.01 0.501 0.01 0.049960000000000004 6.000000000006e-10 -6.399999999999462e-09 2.2400000000000197e-08 0.0004996608850010175 7.432768489221768e-08 7.23678111851283e-08 7.177778354924725e-08
0.01 0.501 0.005 0.049960000000000004 1.5000000000001123e-09 -3.200000000000425e-09 2.2199999999999997e-08 0.0004996656682222624 7.440945899889084e-08 7.250158515141777e-08 7.186896996443457e-08
0.01 0.501 -0.0 0.049949999999999994 1.0000000000010001e-10 -5.099999999999549e-09 2.769999999999717e-08 0.0004995656813673252 7.445973693387758e-08 7.25778197844102e-08 7.19216785315366e-08
0.01 0.501 -0.005 0.04992 5.100000000000937e-09 8.500000000000174e-09 1.6399999999999746e-08 0.0004992657208341065 7.434829519580843e-08 7.251028363098238e-08 7.190561828452081e-08
0.01 0.501 -0.01 0.049929999999999995 1.0999999999997123e-09 5.2000000000010375e-09 2.449999999999952e-08 0.0004993625035983379 7.424868320627122e-08 7.245868841610726e-08 7.188167854564017e-08
0.005 0.501 -0.01 0.049929999999999995 -1.5000000000001123e-09 2.6000000000012124e-09 2.7399999999999646e-08 0.0004993625035983379 7.434606448051507e-08 7.25634652084198e-08 7.191671957731196e-08
0.005 0.501 -0.005 0.04999 4.0000000000040006e-10 7.400000000000462e-09 1.8499999999999074e-08 0.000499965628818622 7.429167825828055e-08 7.248268263332169e-08 7.17909790026681e-08
0.005 0.501 0.0 0.049859999999999995 1.8999999999991245e-09 -3.0000000000002246e-09 2.54000000000032e-08 0.0004986641755731004 7.424267868490612e-08 7.249971193611043e-08 7.180667994347076e-08
0.005 0.501 0.005 0.04995 2.1999999999994245e-09 -3.4000000000006248e-09 2.1799999999999596e-08 0.0004995624785750027 7.42876782584367e-08 7.246268839259724e-08 7.174185317653775e-08
0.005 0.501 0.01 0.04999999999999999 1.3000000000013002e-09 -6.2999999999993616e-09 2.229999999999732e-08 0.0005000624161042299 7.429567825812477e-08 7.244070702014745e-08 7.174798231704596e-08
-0.0 0.501 0.01 0.04999 3.3999999999992368e-09 -7.500000000000562e-09 2.1199999999999e-08 0.0004999624285883891 7.428167937880575e-08 7.246570119542611e-08 7.175202820388066e-08
-0.0 0.501 0.005 0.04999 1.9999999999992246e-09 -3.699999999999537e-09 2.2400000000000197e-08 0.000499965628818622 7.427668036206404e-08 7.244867926940237e-08 7.17467090062252e-08
-0.0 0.501 -0.0 0.04989999999999999 2.399999999999625e-09 -6.999999999993123e-10 2.1700000000002272e-08 0.0004990641241363678 7.432995788125946e-08 7.246391797674606e-08 7.176068573767473e-08
-0.0 0.501 -0.005 0.04998 2.2000000000008126e-09 -1.2999999999999124e-09 2.3699999999998723e-08 0.0004998656419479138 7.436342776789162e-08 7.249229985179567e-08 7.181571476963065e-08
-0.0 0.501 -0.01 0.049929999999999995 2.2999999999995247e-09 1.18000000000007e-08 1.8399999999996198e-08 0.0004993640856128922 7.427070564663822e-08 7.244697302448152e-08 7.178888496337427e-08
-0.005 0.501 -0.01 0.04998 -1.7000000000003124e-09 6.499999999999562e-09 2.409999999999912e-08 0.0004998640615207298 7.432976888844764e-08 7.25847645627656e-08 7.184977688522419e-08
-0.005 0.501 -0.005 0.04999 6.000000000006e-10 -1.4000000000000123e-09 2.5100000000000122e-08 0.0004999640087046266 7.433267563383889e-08 7.260686218145035e-08 7.181704605022182e-08
-0.005 0.501 0.0 0.04988 1.8999999999991245e-09 5.499999999999949e-09 1.909999999999967e-08 0.0004988657735303155 7.425070580216233e-08 7.253968057901395e-08 7.180077994876055e-08
-0.005 0.501 0.005 0.04998 1.0000000000010001e-09 -6.599999999999662e-09 2.5199999999997446e-08 0.0004998624410775429 7.433169952151887e-08 7.253239214670637e-08 7.183428125143786e-08
-0.005 0.501 0.01 0.049999999999999996 2.5999999999998248e-09 -5.499999999999949e-09 2.1699999999996723e-08 0.0005000639959045241 7.439570104938395e-08 7.261878293757849e-08 7.194268461214414e-08
-0.01 0.501 0.01 0.049969999999999994 5.29999999999975e-09 -2.3000000000009123e-09 1.579999999999915e-08 0.0004997624535716944 7.433245475450628e-08 7.257461213036226e-08 7.18891966802396e-08
-0.01 0.501 0.005 0.049960000000000004 2.2999999999995247e-09 -5.999999999999062e-09 2.3899999999998924e-08 0.000499664047135673 7.417369558901208e-08 7.25007898470114e-08 7.190368859639583e-08
-0.01 0.501 -0.0 0.04995999999999999 1.4999999999987245e-09 7.999999999994123e-10 2.2300000000002873e-08 0.0004996640471356729 7.41706873671973e-08 7.250468257795803e-08 7.18872919040576e-08
-0.01 0.501 -0.005 0.04999 7.999999999994123e-10 3.699999999999537e-09 2.1500000000002072e-08 0.0004999624285883891 7.422678960721708e-08 7.244269659430679e-08 7.184895752196486e-08
-0.01 0.501 -0.01 0.049909999999999996 7.999999999994123e-10 2.6999999999999245e-09 2.3100000000003674e-08 0.0004991657340002416 7.423673483969598e-08 7.243171327227598e-08 7.18786241790531e-08
0.0 0.0 0.0 0.049999999999999996 4.899999999999349e-09 -2.6000000000026004e-09 5.360000000000364e-08 0.0005000639959045241 7.461667863068749e-08 7.241367841225426e-08 7.172770220883159e-08
